green1 db 015,015,015,015,015,015,015,015,015,015,015,015,015,015,015,015,015,015,015,015,015,015,015,015,015,015,015,015,015,015,015,015,015,015,015,015,015,015,015,015
       db 015,015,015,015,015,015,015,015,015,015,015,015,015,015,015,015,015,015,015,015,015,015,015,015,015,015,015,015,015,015,015,015,015,015,015,015,015,015,015,015
       db 015,015,015,015,015,015,015,015,015,015,015,015,026,166,025,170,025,029,015,015,015,015,015,015,015,015,015,015,015,015,015,015,015,015,015,015,015,015,015,015
       db 015,015,015,015,015,015,015,015,015,015,026,144,002,120,120,120,192,119,144,144,015,015,015,015,015,015,015,015,015,015,015,015,015,015,015,015,015,015,015,015
       db 015,015,015,015,015,015,015,015,029,002,002,120,002,120,120,120,002,120,120,192,144,030,015,015,015,015,015,015,015,015,015,015,015,015,015,015,015,015,015,015
       db 015,015,015,015,015,015,015,029,120,002,002,002,120,002,002,002,120,002,120,192,120,167,015,015,015,015,015,015,015,015,015,015,015,015,015,015,015,015,015,015
       db 015,015,015,015,015,015,015,144,002,002,002,002,002,002,002,002,002,002,120,119,191,171,015,015,015,015,015,015,015,015,015,015,015,015,015,015,015,015,015,015
       db 015,015,015,015,015,015,072,002,002,002,002,002,048,002,002,002,192,144,024,025,164,026,015,015,015,015,015,015,015,015,015,015,015,015,015,015,015,015,015,015
       db 015,015,015,015,015,015,167,002,002,048,002,002,002,002,002,119,025,027,027,027,026,015,015,015,015,015,015,015,015,015,015,015,015,015,015,015,015,015,015,015
       db 015,015,015,015,015,029,002,002,002,002,002,048,002,002,142,027,089,065,027,027,160,028,015,015,015,015,015,015,015,015,015,015,015,015,015,015,015,015,015,015
       db 015,015,015,015,015,029,119,002,002,002,002,002,002,026,089,067,026,028,088,027,156,028,015,015,015,015,015,015,030,030,015,030,030,015,015,015,015,015,015,015
       db 015,015,015,015,015,030,002,002,002,002,002,144,027,066,029,026,208,162,028,026,027,015,015,015,015,030,030,030,030,030,030,030,030,030,030,015,015,015,015,015
       db 015,015,015,015,015,029,002,002,002,002,167,028,066,028,089,066,162,027,028,025,027,015,030,030,030,030,030,030,030,030,030,030,030,030,030,030,015,015,015,015
       db 015,015,015,015,015,029,120,002,120,166,028,066,028,089,066,028,088,088,026,026,024,007,030,015,030,030,030,030,030,030,030,030,030,030,030,030,030,015,015,015
       db 015,015,015,015,015,030,145,120,216,027,065,007,066,028,089,028,027,026,026,157,192,120,168,166,030,030,030,030,030,030,030,030,030,030,030,030,030,015,015,015
       db 015,015,015,015,015,015,015,144,120,163,025,026,026,026,027,065,025,025,162,119,192,120,192,120,143,029,030,030,030,030,030,030,030,030,030,030,030,015,015,015
       db 015,015,015,015,015,015,007,120,192,120,118,163,164,025,163,163,162,022,120,192,120,192,120,002,144,029,030,030,030,030,030,030,030,030,030,030,015,015,015,015
       db 015,015,015,015,015,015,171,192,002,002,120,120,190,118,144,120,120,120,192,120,192,120,002,145,030,030,030,030,030,030,030,030,030,030,030,030,015,015,015,015
       db 015,015,015,015,015,030,143,002,002,120,002,120,120,120,002,002,002,120,120,192,120,145,025,030,030,030,030,030,030,030,030,030,030,030,015,015,015,015,015,015
       db 015,015,015,015,015,096,120,002,002,002,120,192,120,002,120,002,120,002,120,192,192,026,030,015,015,029,028,030,030,030,030,030,030,015,015,015,015,015,015,015
       db 015,015,015,015,015,007,120,002,002,002,120,192,120,120,002,002,002,120,192,120,120,028,030,030,030,029,029,030,030,030,030,015,015,015,015,015,015,015,015,015
       db 015,015,015,015,015,029,002,002,010,072,007,168,192,120,120,120,120,120,120,192,025,030,030,030,029,030,030,030,030,030,015,015,015,015,015,015,015,015,015,015
       db 015,015,015,015,015,015,167,144,015,015,015,015,144,120,192,120,192,120,192,025,015,030,030,030,030,030,030,030,015,015,015,015,015,015,015,015,015,015,015,015
       db 015,015,015,015,015,015,095,028,015,015,015,015,025,192,120,192,120,194,127,030,030,030,030,030,030,030,015,015,015,015,015,015,015,015,015,015,015,015,015,015
       db 015,015,015,015,015,015,015,029,015,015,015,015,129,017,127,200,127,128,128,028,030,030,030,030,030,015,015,015,015,015,015,015,015,015,015,015,015,015,015,015
       db 015,015,015,015,015,015,015,026,026,029,028,025,128,151,127,127,127,128,106,128,028,015,015,015,015,015,015,015,015,015,015,015,015,015,015,015,015,015,015,015
       db 015,015,015,015,015,015,015,129,105,245,128,105,129,027,128,199,200,127,130,009,154,015,015,015,015,015,015,015,015,015,015,015,015,015,015,015,015,015,015,015
       db 015,015,015,015,015,015,015,152,128,105,128,128,001,026,030,030,130,128,129,009,175,015,015,015,015,015,015,015,015,015,015,015,015,015,015,015,015,015,015,015
       db 015,015,015,015,015,015,015,015,027,129,105,128,106,128,081,015,015,015,015,015,015,015,015,015,015,015,015,015,015,015,015,015,015,015,015,015,015,015,015,015
       db 015,015,015,015,015,015,015,015,015,015,027,025,056,026,030,015,015,015,015,015,015,015,015,015,015,015,015,015,015,015,015,015,015,015,015,015,015,015,015,015
       db 015,015,015,015,015,015,015,015,015,015,015,015,015,015,015,015,015,015,015,015,015,015,015,015,015,015,015,015,015,015,015,015,015,015,015,015,015,015,015,015
       db 015,015,015,015,015,015,015,015,015,015,015,015,015,015,015,015,015,015,015,015,015,015,015,015,015,015,015,015,015,015,015,015,015,015,015,015,015,015,015,015

green2 db 015,015,015,015,015,015,015,015,015,015,015,015,015,015,015,015,015,015,015,015,015,015,015,015,015,015,015,015,015,015,015,015,015,015,015,015,015,015,015,015
       db 015,015,015,015,015,015,015,015,015,015,015,015,015,015,015,015,015,015,015,015,015,015,015,015,015,015,015,015,015,015,015,015,015,015,015,015,015,015,015,015
       db 015,015,015,015,015,015,015,015,015,015,015,015,015,015,015,015,015,015,015,015,015,015,015,015,015,015,015,015,015,015,015,015,015,015,015,015,015,015,015,015
       db 015,015,015,015,015,015,015,015,015,015,015,015,015,015,015,025,143,192,192,120,192,143,015,015,015,015,015,015,015,015,015,015,015,015,015,015,015,015,015,015
       db 015,015,015,015,015,015,015,015,015,015,015,015,015,015,143,120,002,120,120,192,120,192,143,015,015,015,015,015,015,015,015,015,015,015,015,015,015,015,015,015
       db 015,015,015,015,015,015,015,015,015,015,015,015,015,142,002,120,002,120,120,002,192,120,120,192,143,015,015,015,015,015,015,015,015,015,015,015,015,015,015,015
       db 015,015,015,015,015,015,015,015,015,015,015,142,002,002,002,002,002,120,120,002,120,002,120,192,120,192,015,015,015,015,015,015,015,015,015,015,015,015,015,015
       db 015,015,015,015,015,015,015,015,015,015,002,002,002,002,002,002,002,048,002,002,002,120,002,120,192,120,015,015,015,015,015,015,015,015,015,015,015,015,015,015
       db 015,015,015,015,015,015,015,015,015,015,120,002,002,002,002,002,002,002,002,002,120,002,002,192,120,192,015,015,015,015,015,015,015,015,015,015,015,015,015,015
       db 015,015,015,015,015,015,015,015,015,015,002,002,048,002,002,048,002,048,048,120,002,192,143,162,025,025,015,015,015,015,015,015,015,015,015,015,015,015,015,015
       db 015,015,015,015,015,015,015,015,015,015,048,002,002,002,002,002,002,048,143,025,066,028,027,063,026,027,015,015,015,030,030,030,030,030,015,015,015,015,015,015
       db 015,015,015,015,015,015,015,015,015,015,002,002,002,002,002,002,002,236,026,065,007,065,027,025,207,026,030,030,030,030,030,030,030,030,030,030,015,015,015,015
       db 015,015,015,015,015,015,015,015,015,072,002,002,048,002,002,002,026,066,067,029,088,028,027,026,207,029,030,030,030,030,030,030,030,030,030,030,030,015,015,015
       db 015,015,015,015,015,015,015,015,015,025,120,002,120,002,026,007,065,029,007,207,182,027,027,137,027,030,030,030,030,030,030,030,030,030,030,030,030,030,015,015
       db 015,015,015,015,015,015,015,015,015,015,192,120,143,026,065,007,065,007,007,027,026,027,025,079,030,030,030,030,030,030,030,030,030,030,030,030,030,030,015,015
       db 015,015,015,015,015,015,015,015,015,015,120,192,120,026,026,065,026,066,025,026,025,025,025,025,030,030,030,030,030,030,030,030,030,030,030,030,030,030,015,015
       db 015,015,015,015,015,015,015,015,015,015,192,002,192,002,025,137,025,137,137,025,137,026,120,192,030,030,030,030,030,030,030,030,030,030,030,030,030,015,015,015
       db 015,015,015,015,015,015,015,015,015,015,002,120,002,002,143,025,025,025,025,025,143,192,192,120,007,030,030,030,030,030,030,030,030,030,030,030,030,015,015,015
       db 015,015,015,015,015,015,015,015,015,002,002,002,002,120,002,002,192,120,120,192,120,192,192,026,027,080,030,030,030,030,030,030,030,030,015,015,015,015,015,015
       db 015,015,015,015,015,015,015,015,002,120,120,002,120,002,002,002,002,120,192,120,192,120,120,026,029,057,030,030,030,030,030,030,030,030,015,015,015,015,015,015
       db 015,015,015,015,015,015,015,025,120,002,002,120,002,002,002,002,002,048,002,192,120,192,192,088,029,029,030,030,030,030,030,030,015,015,015,015,015,015,015,015
       db 015,015,015,015,015,015,015,192,002,120,120,002,120,120,002,002,002,002,002,002,192,120,120,028,030,102,030,030,030,030,030,015,015,015,015,015,015,015,015,015
       db 015,015,015,015,015,015,015,025,120,192,120,002,120,120,120,120,002,120,002,002,002,029,015,030,030,030,030,030,015,015,015,015,015,015,015,015,015,015,015,015
       db 015,015,015,015,015,015,015,015,166,002,002,192,002,192,192,120,192,002,002,002,072,015,015,030,030,030,015,015,015,015,015,015,015,015,015,015,015,015,015,015
       db 015,015,015,015,015,015,015,015,015,008,192,120,192,120,120,192,120,192,120,002,030,015,015,028,030,030,015,015,015,015,015,015,015,015,015,015,015,015,015,015
       db 015,015,015,015,015,015,015,015,015,015,223,192,120,192,192,120,192,120,120,166,015,092,029,015,015,015,015,015,015,015,015,015,015,015,015,015,015,015,015,015
       db 015,015,015,015,015,015,015,015,015,128,128,128,128,127,027,154,128,128,128,128,128,008,015,015,015,015,015,015,015,015,015,015,015,015,015,015,015,015,015,015
       db 015,015,015,015,015,015,015,015,015,106,129,129,130,129,015,015,154,106,106,128,129,128,015,015,015,015,015,015,015,015,015,015,015,015,015,015,015,015,015,015
       db 015,015,015,015,015,015,015,015,015,128,009,009,009,129,015,015,015,015,015,056,154,129,015,015,015,015,015,015,015,015,015,015,015,015,015,015,015,015,015,015
       db 015,015,015,015,015,015,015,015,015,015,128,009,130,009,015,015,015,015,015,015,015,015,015,015,015,015,015,015,015,015,015,015,015,015,015,015,015,015,015,015
       db 015,015,015,015,015,015,015,015,015,015,015,015,015,015,015,015,015,015,015,015,015,015,015,015,015,015,015,015,015,015,015,015,015,015,015,015,015,015,015,015
       db 015,015,015,015,015,015,015,015,015,015,015,015,015,015,015,015,015,015,015,015,015,015,015,015,015,015,015,015,015,015,015,015,015,015,015,015,015,015,015,015

green3 db 015,015,015,015,015,015,015,015,015,015,015,015,015,015,015,015,015,015,015,015,015,015,015,015,015,015,015,015,015,015,015,015,015,015,015,015,015,015,015,015
       db 015,015,015,015,015,015,015,015,015,015,015,015,015,015,015,015,015,015,015,015,015,015,015,015,015,015,015,015,015,015,015,015,015,015,015,015,015,015,015,015
       db 015,015,015,015,015,015,015,015,015,015,015,015,015,015,015,015,015,015,015,015,015,015,015,015,015,015,015,015,015,015,015,015,015,015,015,015,015,015,015,015
       db 015,015,015,015,015,015,015,015,015,015,015,015,015,015,015,015,015,015,015,015,015,015,015,015,015,015,015,015,015,015,015,015,015,030,015,015,015,015,015,015
       db 015,015,015,015,015,015,015,015,015,015,015,015,015,015,015,015,015,015,025,025,015,015,015,015,015,015,015,015,015,015,015,015,015,015,015,015,015,015,015,015
       db 015,015,015,015,015,015,015,015,015,015,015,015,015,015,015,028,025,002,120,120,192,120,015,015,015,015,015,015,015,015,015,015,015,015,015,015,015,015,015,015
       db 015,015,015,015,015,015,015,015,015,015,015,015,024,002,120,002,120,002,002,120,120,192,120,120,015,015,015,015,015,015,015,015,015,015,015,015,015,015,015,015
       db 015,015,015,015,015,015,015,015,015,015,015,144,002,002,002,002,002,002,120,002,002,192,120,192,192,120,015,015,015,015,015,015,015,015,015,015,015,015,015,015
       db 015,015,015,015,015,015,015,015,015,015,026,002,002,002,002,002,002,002,002,002,120,002,192,120,120,192,015,015,015,015,015,015,015,015,015,015,015,015,015,015
       db 015,015,015,015,015,015,015,015,015,015,120,002,002,002,002,002,002,048,002,120,002,002,192,192,120,192,015,015,030,030,030,030,030,030,015,015,015,015,015,015
       db 015,015,015,015,015,015,015,015,015,015,002,002,002,002,002,002,002,002,002,002,120,002,002,192,120,192,030,030,030,030,030,030,030,030,030,030,015,015,015,015
       db 015,015,015,015,015,015,015,015,015,015,002,002,002,002,048,002,002,002,002,002,002,120,192,120,192,025,030,030,030,030,030,030,030,030,030,030,030,015,015,015
       db 015,015,015,015,015,015,015,015,015,025,002,002,002,048,002,002,048,002,002,002,002,192,192,120,143,030,030,030,030,030,030,030,030,030,030,030,030,015,015,015
       db 015,015,015,015,015,015,015,015,015,144,002,002,002,002,002,002,002,002,002,120,120,192,161,025,025,030,030,030,030,030,030,030,030,030,030,030,030,015,015,015
       db 015,015,015,015,015,015,015,015,015,144,002,120,002,002,120,120,192,144,026,026,027,027,026,156,000,030,030,030,030,030,030,030,030,030,030,030,015,015,015,015
       db 015,015,015,015,015,015,015,015,015,120,120,192,120,192,024,025,026,026,026,065,024,026,026,025,030,030,030,030,030,030,030,030,030,030,030,030,015,015,015,015
       db 015,015,015,015,015,015,015,015,144,120,120,002,026,026,026,026,065,164,026,208,000,156,025,030,030,030,030,030,030,030,030,030,030,030,030,015,015,015,015,015
       db 015,015,015,015,015,015,015,015,002,002,002,002,190,025,065,025,024,026,026,160,160,025,142,030,030,030,030,030,030,030,030,030,030,030,015,015,015,015,015,015
       db 015,015,015,015,015,015,015,002,120,002,002,120,002,120,191,142,025,160,025,161,191,120,120,192,030,030,030,030,030,030,030,015,015,015,015,015,015,015,015,015
       db 015,015,015,015,015,015,015,120,002,002,002,002,120,002,192,120,192,120,120,192,120,192,000,192,120,030,030,030,030,030,015,015,015,015,015,015,015,015,015,015
       db 015,015,015,015,015,015,015,120,002,120,002,002,002,002,192,120,192,120,120,192,120,192,192,143,192,030,030,030,030,030,015,015,015,015,015,015,015,015,015,015
       db 015,015,015,015,015,015,015,192,002,120,120,002,002,002,120,192,120,192,143,028,030,030,026,015,029,025,030,015,015,015,015,015,015,015,015,015,015,015,015,015
       db 015,015,015,015,015,015,015,015,025,192,002,002,002,002,002,002,002,120,030,015,015,015,027,015,030,030,015,015,015,015,015,015,015,015,015,015,015,015,015,015
       db 015,015,015,015,015,015,015,015,015,008,192,192,002,120,002,002,002,029,030,092,015,030,027,030,030,029,015,015,015,015,015,015,015,015,015,015,015,015,015,015
       db 015,015,015,015,015,015,015,015,015,127,127,120,120,002,002,002,072,015,029,028,015,015,027,025,087,015,015,015,015,015,015,015,015,015,015,015,015,015,015,015
       db 015,015,015,015,015,015,015,015,015,127,200,127,000,120,002,144,030,015,015,028,027,028,029,015,015,015,015,015,015,015,015,015,015,015,015,015,015,015,015,015
       db 015,015,015,015,015,015,015,015,155,129,129,156,129,129,154,066,026,089,025,127,128,015,015,015,015,015,015,015,015,015,015,015,015,015,015,015,015,015,015,015
       db 015,015,015,015,015,015,015,015,015,080,129,128,129,009,128,080,025,027,029,026,027,015,015,015,015,015,015,015,015,015,015,015,015,015,015,015,015,015,015,015
       db 015,015,015,015,015,015,015,015,015,015,015,015,155,128,129,029,015,015,015,015,015,015,015,015,015,015,015,015,015,015,015,015,015,015,015,015,015,015,015,015
       db 015,015,015,015,015,015,015,015,015,015,015,015,015,015,015,015,015,015,015,015,015,015,015,015,015,015,015,015,015,015,015,015,015,015,015,015,015,015,015,015
       db 015,015,015,015,015,015,015,015,015,015,015,015,015,015,015,015,015,015,015,015,015,015,015,015,015,015,015,015,015,015,015,015,015,015,015,015,015,015,015,015
       db 015,015,015,015,015,015,015,015,015,015,015,015,015,015,015,015,015,015,015,015,015,015,015,015,015,015,015,015,015,015,015,015,015,015,015,015,015,015,015,015

green4 db 015,015,015,015,015,015,015,015,015,015,015,015,015,015,015,015,015,015,015,015,015,015,015,015,015,015,015,015,015,015,015,015,015,015,015,015,015,015,015,015
       db 015,015,015,015,015,015,015,015,015,015,015,015,015,015,015,015,015,015,015,015,015,015,015,015,015,015,015,015,015,015,015,015,015,015,015,015,015,015,015,015
       db 015,015,015,015,015,015,015,015,015,015,015,015,015,002,002,192,002,120,192,120,192,000,015,015,015,015,015,015,015,015,015,015,015,015,015,015,015,015,015,015
       db 015,015,015,015,015,015,015,015,015,015,015,025,120,120,002,192,002,120,002,192,002,192,120,192,143,015,015,015,015,015,015,015,015,015,015,015,015,015,015,015
       db 015,015,015,015,015,015,015,015,015,015,144,002,120,002,002,002,002,002,002,002,120,002,120,002,120,025,015,015,015,015,015,015,015,015,015,015,015,015,015,015
       db 015,015,015,027,027,027,015,015,015,015,002,002,120,002,002,002,002,002,002,002,002,002,002,002,192,120,015,015,015,015,015,015,015,015,015,015,015,015,015,015
       db 015,015,015,015,015,015,015,027,015,144,002,002,002,002,002,002,048,002,144,025,026,027,027,024,191,120,015,015,015,015,015,015,015,015,015,015,015,015,015,015
       db 015,027,030,015,015,030,015,015,015,002,002,048,002,002,002,002,144,025,069,089,066,030,028,026,166,192,015,015,015,015,015,015,015,015,015,015,015,015,015,015
       db 015,027,015,015,015,015,015,030,030,002,002,002,002,002,144,026,069,089,088,028,029,030,027,027,025,120,015,015,015,015,015,015,015,015,015,015,015,015,015,015
       db 015,027,015,015,015,015,015,030,144,002,002,002,002,144,066,089,088,030,030,092,015,088,208,027,025,191,015,015,015,015,015,015,015,015,030,030,030,030,030,015
       db 015,015,030,015,015,015,101,027,025,120,002,026,066,029,066,028,208,186,092,030,030,089,028,027,028,015,015,015,030,030,030,030,030,030,030,030,030,030,030,015
       db 015,015,027,027,027,102,027,029,026,002,144,065,028,066,015,066,208,160,030,015,030,007,027,027,015,015,030,030,030,030,030,030,030,030,030,030,030,030,030,015
       db 015,015,015,026,143,027,015,029,025,120,025,026,065,029,029,030,015,029,030,066,089,027,027,015,015,030,030,030,030,030,030,030,030,030,030,030,030,030,030,015
       db 015,015,015,027,027,027,015,028,002,192,161,026,066,029,066,089,030,015,089,027,028,026,160,030,030,030,030,030,030,030,030,030,030,030,030,030,030,030,030,015
       db 015,015,015,015,015,025,002,002,002,002,002,192,161,026,026,025,026,025,027,025,144,000,029,015,091,028,120,030,030,030,030,030,030,030,030,030,030,030,030,015
       db 015,015,015,015,015,015,120,120,002,002,002,002,192,000,142,142,138,143,120,002,120,002,030,092,015,030,192,025,030,030,030,030,030,030,030,030,030,030,030,015
       db 015,015,015,015,015,015,002,002,002,002,002,002,002,002,120,002,002,002,002,002,002,120,015,030,030,015,143,120,030,030,030,030,030,030,030,030,030,030,030,015
       db 015,015,015,015,015,015,015,144,002,002,002,002,120,002,002,120,002,002,002,002,120,002,091,015,092,030,143,030,030,030,030,030,030,030,030,030,030,030,030,015
       db 015,015,015,015,015,015,015,015,015,015,120,192,002,002,002,048,002,002,002,002,002,002,144,025,026,025,030,030,030,030,030,030,030,030,030,030,030,015,015,015
       db 015,015,015,015,015,015,015,015,015,015,015,120,120,002,002,002,002,048,002,002,002,120,120,191,120,191,030,030,030,030,030,030,030,030,030,030,015,015,015,015
       db 015,015,015,015,015,015,015,015,015,015,015,192,002,002,002,002,002,002,002,002,002,120,192,120,192,030,030,030,030,030,030,030,030,030,030,015,015,015,015,015
       db 015,015,015,015,015,015,015,015,015,015,015,192,120,120,002,048,002,002,002,002,120,002,120,192,120,030,030,030,030,030,030,030,030,015,015,015,015,015,015,015
       db 015,015,015,015,015,015,015,015,015,015,015,015,015,120,120,002,120,002,002,192,120,192,192,127,030,030,030,030,030,030,015,015,015,015,015,015,015,015,015,015
       db 015,015,015,015,015,015,015,015,015,015,015,015,015,015,192,192,120,120,120,192,120,127,128,128,030,030,030,015,015,015,015,015,015,015,015,015,015,015,015,015
       db 015,015,015,015,015,015,015,015,015,015,015,015,015,015,127,223,127,127,127,127,128,127,128,128,030,030,015,015,015,015,015,015,015,015,015,015,015,015,015,015
       db 015,015,015,015,015,015,015,015,015,015,015,015,015,026,127,127,223,127,155,127,200,128,106,129,129,015,015,015,015,015,015,015,015,015,015,015,015,015,015,015
       db 015,015,015,015,015,015,015,015,015,015,015,015,015,127,128,129,009,129,128,015,015,128,009,129,009,129,015,015,015,015,015,015,015,015,015,015,015,015,015,015
       db 015,015,015,015,015,015,015,015,015,015,015,015,015,056,129,154,009,129,130,056,015,015,154,129,129,009,015,015,015,015,015,015,015,015,015,015,015,015,015,015
       db 015,015,015,015,015,015,015,015,015,015,015,015,015,015,154,128,129,009,009,129,015,015,015,015,015,015,015,015,015,015,015,015,015,015,015,015,015,015,015,015
       db 015,015,015,015,015,015,015,015,015,015,015,015,015,015,015,015,015,015,015,015,015,015,015,015,015,015,015,015,015,015,015,015,015,015,015,015,015,015,015,015
       db 015,015,015,015,015,015,015,015,015,015,015,015,015,015,015,015,015,015,015,015,015,015,015,015,015,015,015,015,015,015,015,015,015,015,015,015,015,015,015,015
       db 015,015,015,015,015,015,015,015,015,015,015,015,015,015,015,015,015,015,015,015,015,015,015,015,015,015,015,015,015,015,015,015,015,015,015,015,015,015,015,015

green5 db 015,015,015,015,015,015,015,015,015,015,015,015,015,015,015,015,015,015,015,015,015,015,015,015,015,015,015,015,015,015,015,015,015,015,015,015,015,015,015,015
       db 015,015,015,015,015,015,015,015,015,015,015,015,015,015,015,015,015,015,015,015,015,015,015,015,015,015,015,015,015,015,015,015,015,015,015,015,015,015,015,015
       db 015,015,015,015,015,015,015,015,015,025,166,025,170,025,166,015,015,015,015,015,015,015,015,015,015,015,015,015,015,015,015,015,015,015,015,015,015,015,015,015
       db 015,015,015,015,015,015,015,168,002,120,120,002,120,120,120,018,168,015,015,015,015,015,015,015,015,015,015,015,015,015,015,015,015,015,015,015,015,015,015,015
       db 015,015,015,015,015,029,119,002,002,120,120,120,002,120,120,120,120,120,119,030,015,015,015,015,015,015,015,015,015,015,015,015,015,015,015,015,015,015,015,015
       db 015,015,015,015,029,120,120,002,002,002,002,002,002,002,002,120,002,002,120,144,015,015,015,015,015,015,015,015,015,015,015,015,015,015,015,015,015,015,015,015
       db 015,015,015,015,002,002,002,002,002,002,002,002,002,002,002,002,120,120,120,192,028,015,015,015,015,015,015,015,015,015,015,015,015,015,015,015,015,015,015,015
       db 015,015,015,025,120,002,002,002,002,048,002,002,002,143,025,026,007,026,144,120,025,015,015,015,015,015,015,015,015,015,015,015,015,015,015,015,015,015,015,015
       db 015,015,015,002,002,002,002,002,002,002,010,025,066,029,089,030,089,028,156,120,025,015,015,015,015,015,015,015,015,015,015,015,015,015,015,015,015,015,015,015
       db 015,015,015,144,002,048,002,002,142,164,085,030,091,030,030,030,030,157,026,191,015,015,015,015,015,015,015,015,015,015,015,015,015,015,015,015,015,015,015,015
       db 015,015,015,002,002,002,144,025,090,030,015,091,030,015,015,015,015,028,030,028,015,015,015,015,015,015,015,015,015,015,015,015,015,015,015,015,015,015,015,015
       db 015,015,015,144,002,144,028,067,029,030,030,030,089,030,030,089,029,028,030,015,015,015,015,015,015,015,015,015,030,030,030,030,030,015,015,015,015,015,015,015
       db 015,015,015,010,120,164,028,066,015,015,025,030,030,015,015,030,029,027,030,015,015,015,015,015,015,030,030,030,030,030,030,030,030,030,030,015,015,015,015,015
       db 015,015,015,015,164,024,066,030,030,030,015,015,015,015,015,015,030,015,015,015,015,015,030,030,030,030,030,030,030,030,030,030,030,030,030,030,015,015,015,015
       db 015,015,015,015,015,026,029,030,015,015,015,015,030,027,027,030,027,015,015,015,028,030,030,030,030,030,030,030,030,030,030,030,030,030,030,030,030,015,015,015
       db 015,015,015,015,015,028,143,026,026,027,030,007,030,030,030,030,030,015,030,029,144,025,030,030,030,030,030,030,030,030,030,030,030,030,030,030,030,015,015,015
       db 015,015,015,015,015,028,119,017,015,015,015,015,168,007,072,144,007,015,015,030,007,120,029,030,030,030,030,030,030,030,030,030,030,030,030,030,030,015,015,015
       db 015,015,015,015,030,120,002,002,007,073,007,073,015,015,015,015,030,030,030,015,029,119,028,030,030,030,030,030,030,030,030,030,030,030,030,030,015,015,015,015
       db 015,015,015,007,010,002,002,002,002,002,002,002,072,015,015,015,030,015,030,090,027,029,015,030,030,030,030,030,030,030,030,030,030,030,030,030,015,015,015,015
       db 015,015,029,120,120,002,002,002,030,098,030,098,002,097,002,145,010,015,015,030,028,030,030,030,030,030,030,030,030,030,030,030,030,030,015,015,015,015,015,015
       db 015,015,015,007,143,120,002,120,098,029,029,029,015,007,073,015,120,144,192,121,030,030,030,030,030,030,030,030,030,030,030,030,030,015,015,015,015,015,015,015
       db 015,015,015,029,030,096,144,120,002,002,002,002,073,145,010,007,145,029,192,026,030,030,030,030,030,030,030,030,030,030,030,015,015,015,015,015,015,015,015,015
       db 015,015,015,015,015,015,166,002,002,002,002,002,002,002,120,002,121,145,167,030,030,030,030,030,030,030,030,030,030,030,015,015,015,015,015,015,015,015,015,015
       db 015,015,015,015,015,015,030,144,120,120,002,002,120,120,120,192,120,193,007,015,030,030,030,030,030,030,030,015,015,015,015,015,015,015,015,015,015,015,015,015
       db 015,015,015,015,015,015,015,015,223,193,193,193,193,193,194,223,127,105,028,030,030,030,030,030,030,030,015,015,015,015,015,015,015,015,015,015,015,015,015,015
       db 015,015,015,015,015,015,015,030,127,127,127,127,128,128,127,128,128,128,025,030,030,030,030,030,015,015,015,015,015,015,015,015,015,015,015,015,015,015,015,015
       db 015,015,015,015,015,015,015,025,127,128,128,128,154,056,199,127,129,129,001,056,015,015,015,015,015,015,015,015,015,015,015,015,015,015,015,015,015,015,015,015
       db 015,015,015,015,015,015,015,152,105,128,130,129,009,025,027,028,128,129,130,009,026,015,015,015,015,015,015,015,015,015,015,015,015,015,015,015,015,015,015,015
       db 015,015,015,015,015,015,015,015,153,129,129,009,129,009,082,015,030,009,154,009,026,015,015,015,015,015,015,015,015,015,015,015,015,015,015,015,015,015,015,015
       db 015,015,015,015,015,015,015,015,015,027,009,129,001,128,029,015,015,015,015,015,015,015,015,015,015,015,015,015,015,015,015,015,015,015,015,015,015,015,015,015
       db 015,015,015,015,015,015,015,015,015,015,015,029,081,102,015,015,015,015,015,015,015,015,015,015,015,015,015,015,015,015,015,015,015,015,015,015,015,015,015,015
       db 015,015,015,015,015,015,015,015,015,015,015,015,015,015,015,015,015,015,015,015,015,015,015,015,015,015,015,015,015,015,015,015,015,015,015,015,015,015,015,015

