green1 db 015,015,015,015,015,015,015,015,015,015,015,015,015,015,015,015,015,015,015,015,015,015,015,015,015,015,015,015,015,015,015,015,015,015,015,015,015,015,015,015
       db 015,015,015,015,015,015,015,015,015,015,015,015,015,015,015,015,015,015,015,015,015,015,015,015,015,015,015,015,015,015,015,015,015,015,015,015,015,015,015,015
       db 015,015,015,015,015,015,015,015,015,015,015,015,026,166,025,170,025,029,015,015,015,015,015,015,015,015,015,015,015,015,015,015,015,015,015,015,015,015,015,015
       db 015,015,015,015,015,015,015,015,015,015,026,144,002,120,120,120,192,119,144,144,015,015,015,015,015,015,015,015,015,015,015,015,015,015,015,015,015,015,015,015
       db 015,015,015,015,015,015,015,015,029,002,002,120,002,120,120,120,002,120,120,192,144,030,015,015,015,015,015,015,015,015,015,015,015,015,015,015,015,015,015,015
       db 015,015,015,015,015,015,015,029,120,002,002,002,120,002,002,002,120,002,120,192,120,167,015,015,015,015,015,015,015,015,015,015,015,015,015,015,015,015,015,015
       db 015,015,015,015,015,015,015,144,002,002,002,002,002,002,002,002,002,002,120,119,191,171,015,015,015,015,015,015,015,015,015,015,015,015,015,015,015,015,015,015
       db 015,015,015,015,015,015,072,002,002,002,002,002,048,002,002,002,192,144,024,025,164,026,015,015,015,015,015,015,015,015,015,015,015,015,015,015,015,015,015,015
       db 015,015,015,015,015,015,167,002,002,048,002,002,002,002,002,119,025,027,027,027,026,015,015,015,015,015,015,015,015,015,015,015,015,015,015,015,015,015,015,015
       db 015,015,015,015,015,029,002,002,002,002,002,048,002,002,142,027,089,065,027,027,160,028,015,015,015,015,015,015,015,015,015,015,015,015,015,015,015,015,015,015
       db 015,015,015,015,015,029,119,002,002,002,002,002,002,026,089,067,026,028,088,027,156,028,015,015,015,015,015,015,030,030,015,030,030,015,015,015,015,015,015,015
       db 015,015,015,015,015,030,002,002,002,002,002,144,027,066,029,026,208,162,028,026,027,015,015,015,015,030,030,030,030,030,030,030,030,030,030,015,015,015,015,015
       db 015,015,015,015,015,029,002,002,002,002,167,028,066,028,089,066,162,027,028,025,027,015,030,030,030,030,030,030,030,030,030,030,030,030,030,030,015,015,015,015
       db 015,015,015,015,015,029,120,002,120,166,028,066,028,089,066,028,088,088,026,026,024,007,030,015,030,030,030,030,030,030,030,030,030,030,030,030,030,015,015,015
       db 015,015,015,015,015,030,145,120,216,027,065,007,066,028,089,028,027,026,026,157,192,120,168,166,030,030,030,030,030,030,030,030,030,030,030,030,030,015,015,015
       db 015,015,015,015,015,015,015,144,120,163,025,026,026,026,027,065,025,025,162,119,192,120,192,120,143,029,030,030,030,030,030,030,030,030,030,030,030,015,015,015
       db 015,015,015,015,015,015,007,120,192,120,118,163,164,025,163,163,162,022,120,192,120,192,120,002,144,029,030,030,030,030,030,030,030,030,030,030,015,015,015,015
       db 015,015,015,015,015,015,171,192,002,002,120,120,190,118,144,120,120,120,192,120,192,120,002,145,030,030,030,030,030,030,030,030,030,030,030,030,015,015,015,015
       db 015,015,015,015,015,030,143,002,002,120,002,120,120,120,002,002,002,120,120,192,120,145,025,030,030,030,030,030,030,030,030,030,030,030,015,015,015,015,015,015
       db 015,015,015,015,015,096,120,002,002,002,120,192,120,002,120,002,120,002,120,192,192,026,030,015,015,029,028,030,030,030,030,030,030,015,015,015,015,015,015,015
       db 015,015,015,015,015,007,120,002,002,002,120,192,120,120,002,002,002,120,192,120,120,028,030,030,030,029,029,030,030,030,030,015,015,015,015,015,015,015,015,015
       db 015,015,015,015,015,029,002,002,010,072,007,168,192,120,120,120,120,120,120,192,025,030,030,030,029,030,030,030,030,030,015,015,015,015,015,015,015,015,015,015
       db 015,015,015,015,015,015,167,144,015,015,015,015,144,120,192,120,192,120,192,025,015,030,030,030,030,030,030,030,015,015,015,015,015,015,015,015,015,015,015,015
       db 015,015,015,015,015,015,095,028,015,015,015,015,025,192,120,192,120,194,127,030,030,030,030,030,030,030,015,015,015,015,015,015,015,015,015,015,015,015,015,015
       db 015,015,015,015,015,015,015,029,015,015,015,015,129,017,127,200,127,128,128,028,030,030,030,030,030,015,015,015,015,015,015,015,015,015,015,015,015,015,015,015
       db 015,015,015,015,015,015,015,026,026,029,028,025,128,151,127,127,127,128,106,128,028,015,015,015,015,015,015,015,015,015,015,015,015,015,015,015,015,015,015,015
       db 015,015,015,015,015,015,015,129,105,245,128,105,129,027,128,199,200,127,130,009,154,015,015,015,015,015,015,015,015,015,015,015,015,015,015,015,015,015,015,015
       db 015,015,015,015,015,015,015,152,128,105,128,128,001,026,030,030,130,128,129,009,175,015,015,015,015,015,015,015,015,015,015,015,015,015,015,015,015,015,015,015
       db 015,015,015,015,015,015,015,015,027,129,105,128,106,128,081,015,015,015,015,015,015,015,015,015,015,015,015,015,015,015,015,015,015,015,015,015,015,015,015,015
       db 015,015,015,015,015,015,015,015,015,015,027,025,056,026,030,015,015,015,015,015,015,015,015,015,015,015,015,015,015,015,015,015,015,015,015,015,015,015,015,015
       db 015,015,015,015,015,015,015,015,015,015,015,015,015,015,015,015,015,015,015,015,015,015,015,015,015,015,015,015,015,015,015,015,015,015,015,015,015,015,015,015
       db 015,015,015,015,015,015,015,015,015,015,015,015,015,015,015,015,015,015,015,015,015,015,015,015,015,015,015,015,015,015,015,015,015,015,015,015,015,015,015,015