gameover db 0,0,15,15,15,15,15,15,28,173,102,30,15,30,7,15,15,15,15,15,15,15,15,15,15,15,30,15,15,15,15,15,15,15,15,15,15,15,15,15
       db 15,30,15,15,15,15,15,15,15,15,30,15,15,15,30,15,15,25,174,175,174,175,173,25,25,26,79,29,7,26,30,15,15,15,15,15,15,15,15,15
       db 15,15,15,15,15,15,15,15,15,15,15,15,15,15,15,15,15,15,15,15,15,15,15,15,15,15,15,15,15,15,15,15,15,15,15,15,15,15,15,15
       db 15,15,15,15,15,15,15,15,15,15,15,15,15,15,15,15,15,15,15,15,15,15,15,15,15,15,15,15,15,15,15,15,0,0,15,15,15,15,30,29
       db 15,101,28,79,78,102,103,102,15,15,15,15,15,15,15,15,15,25,29,15,15,15,15,15,15,15,15,15,15,78,30,102,103,79,15,15,15,15,15,15
       db 15,29,103,15,102,103,78,15,15,79,15,15,103,78,78,78,103,103,30,30,102,103,78,15,15,15,15,15,15,15,15,15,15,15,15,15,15,15,15,15
       db 15,15,15,173,78,102,101,7,30,15,15,15,15,15,78,80,78,79,78,29,15,15,15,15,100,30,15,102,15,15,103,102,102,78,78,80,78,102,30,100
       db 30,100,30,100,15,15,28,103,102,78,78,80,78,78,26,26,15,15,15,15,15,15,15,15,0,0,15,15,15,101,15,15,101,15,15,15,15,173,79,79
       db 15,15,15,15,15,15,15,15,15,79,78,174,15,15,15,15,15,15,15,15,15,29,101,30,15,30,15,15,15,15,15,15,15,15,103,102,80,15,15,15
       db 15,15,30,15,15,7,15,15,15,100,25,79,78,80,15,15,15,15,15,15,15,15,15,15,15,15,15,15,15,15,15,15,15,7,15,15,30,15,79,103
       db 78,26,15,15,15,15,26,15,15,15,28,15,15,15,15,15,26,103,102,102,15,15,15,15,15,15,30,29,30,79,79,27,78,103,102,26,15,15,15,101
       db 103,15,15,28,28,30,15,102,102,26,15,15,15,15,15,15,0,0,15,15,174,79,78,27,15,15,15,15,15,26,102,15,15,15,15,15,15,15,15,15
       db 172,102,80,103,28,15,15,15,15,15,15,15,15,7,80,79,78,78,25,15,15,15,15,15,15,150,9,25,9,79,30,15,15,15,79,27,78,173,15,15
       db 15,15,15,15,15,149,15,15,15,15,15,15,15,15,15,15,15,15,15,15,15,15,15,30,78,103,102,28,15,15,15,174,79,79,9,29,15,15,7,78
       db 102,30,103,15,15,15,15,15,27,79,79,173,15,15,15,79,78,103,26,15,15,15,15,15,15,25,9,7,15,15,15,78,80,78,26,15,15,15,15,149
       db 56,79,79,24,15,15,15,15,0,0,15,173,56,80,15,15,15,15,15,15,15,15,15,15,15,15,15,15,15,15,15,174,56,79,26,79,26,15,15,15
       db 15,15,15,15,15,173,149,56,78,28,78,29,15,15,15,15,15,56,149,9,25,9,101,15,15,15,56,78,78,25,15,15,15,15,15,15,15,15,15,15
       db 15,15,15,15,15,15,15,15,15,15,15,15,15,15,15,79,80,78,78,15,15,15,15,15,9,9,25,56,15,15,15,79,27,79,78,7,15,15,15,15
       db 15,9,9,173,15,15,15,28,79,78,26,15,15,15,15,15,15,15,30,15,15,15,15,9,79,78,173,15,15,15,15,15,9,172,9,56,15,15,15,15
       db 0,0,15,15,15,15,28,15,15,15,15,15,79,28,78,28,102,15,15,15,15,15,15,25,172,26,9,172,56,150,15,15,15,15,15,15,15,172,56,102
       db 56,79,103,173,15,15,15,15,25,101,25,78,102,102,30,15,15,15,15,78,80,175,15,15,15,15,15,15,26,15,15,15,15,15,15,15,15,15,15,15
       db 15,15,15,15,15,15,173,78,79,56,28,15,15,15,15,15,102,99,78,102,24,15,15,173,79,102,30,78,15,15,15,15,29,79,26,15,15,15,15,79
       db 79,79,79,15,15,15,15,15,15,101,15,15,15,15,15,28,79,79,9,15,15,15,15,15,173,102,102,78,15,15,15,15,0,0,173,102,101,15,29,15
       db 15,15,15,15,29,15,30,102,27,15,15,15,15,15,150,56,102,174,25,56,172,79,15,15,15,15,15,15,15,26,7,28,15,15,15,15,30,15,15,15
       db 15,29,25,78,78,103,15,15,15,15,15,15,15,7,15,15,15,7,7,15,15,15,15,15,15,15,15,15,15,15,15,15,15,15,15,15,15,15,101,15
       db 15,15,102,15,15,15,15,15,29,30,80,78,103,15,15,15,15,15,15,15,30,15,15,15,7,102,79,15,15,15,15,15,15,15,30,15,15,15,15,30
       db 28,30,15,15,15,15,15,102,101,15,29,15,15,15,15,15,103,15,15,102,15,15,15,15,0,0,29,103,102,78,173,15,15,15,15,15,29,78,78,80
       db 7,15,15,15,15,15,28,25,15,15,26,79,27,78,174,15,15,15,15,15,15,79,25,15,78,102,30,101,7,15,15,172,102,15,25,56,26,79,15,15
       db 15,15,102,103,103,102,30,100,78,78,78,102,79,15,15,15,15,15,15,15,15,15,15,15,15,15,15,15,15,15,103,102,102,102,7,15,15,15,15,15
       db 28,102,79,26,79,15,15,15,79,30,15,15,30,15,15,15,7,103,99,15,15,15,15,102,102,15,29,7,7,78,30,101,15,29,15,15,15,15,15,79
       db 102,102,26,15,15,15,15,15,102,102,30,103,15,15,15,15,0,0,102,15,15,15,28,15,15,15,15,15,27,78,30,101,7,15,15,15,15,26,15,7
       db 15,15,29,78,78,80,78,29,15,15,15,15,15,101,79,15,30,15,15,15,15,15,29,79,25,15,27,15,15,30,15,15,15,15,15,15,15,7,15,15
       db 30,26,9,79,27,15,15,15,15,15,15,15,15,15,15,15,15,15,15,15,15,15,30,15,15,15,30,15,15,15,15,15,175,78,15,15,30,15,15,15
       db 15,15,15,15,102,150,15,29,79,26,15,15,15,15,15,15,15,15,15,15,79,172,9,79,79,26,15,15,15,15,15,15,15,15,29,15,15,15,29,9
       db 56,79,79,101,15,15,15,15,0,0,173,102,15,15,29,15,15,15,15,15,27,79,80,78,26,15,15,15,15,102,102,15,15,15,15,79,30,15,30,103
       db 15,15,15,15,15,78,26,15,15,15,15,15,15,30,149,9,15,15,25,78,78,78,100,15,15,15,15,15,15,7,15,15,15,15,15,29,79,15,15,15
       db 15,15,15,15,15,15,15,15,15,15,15,15,15,15,78,15,15,15,29,15,15,15,15,15,9,80,78,78,79,15,15,15,15,29,15,15,15,56,15,150
       db 78,15,15,15,15,15,15,15,15,15,15,15,15,15,15,15,174,78,15,15,15,15,15,78,103,15,30,7,7,7,15,79,79,9,15,15,15,15,15,15
       db 0,0,15,102,30,100,30,15,15,15,15,15,7,79,79,102,28,15,15,15,25,78,79,79,79,78,102,15,102,102,15,15,29,15,15,15,15,102,56,15
       db 15,29,15,15,15,102,79,26,15,15,172,30,15,80,30,15,15,15,103,101,15,7,15,15,15,15,15,15,15,15,15,15,15,15,15,15,15,15,15,15
       db 15,15,15,15,15,15,173,78,30,15,30,15,15,15,15,15,25,78,103,30,28,15,15,15,15,15,100,15,15,79,27,79,30,15,15,15,15,15,15,102
       db 15,15,100,15,15,15,15,15,15,15,15,15,15,15,15,78,80,102,101,15,15,15,15,149,26,7,29,15,15,15,15,15,0,0,15,25,78,15,15,7
       db 15,15,15,15,7,9,26,79,24,15,15,15,150,9,172,102,150,56,9,28,15,79,7,78,79,15,15,15,15,27,79,29,15,15,15,15,15,15,78,15
       db 15,15,174,79,26,79,30,15,15,15,78,102,15,7,15,15,15,15,15,15,15,15,15,15,15,15,15,15,15,15,15,15,15,15,15,15,15,15,15,78
       db 103,15,15,15,15,15,15,15,9,26,79,79,15,15,15,15,15,15,15,15,15,78,150,175,15,15,15,15,15,15,15,102,30,15,30,15,15,15,15,15
       db 15,15,15,15,15,15,15,27,79,28,26,15,15,15,15,78,9,149,15,15,15,15,15,15,0,0,15,15,79,102,15,15,30,15,15,15,7,79,26,56
       db 25,15,15,15,56,56,150,15,15,28,15,15,15,174,103,15,15,29,15,15,15,172,56,7,15,15,15,15,15,15,25,15,15,15,175,79,26,9,101,15
       db 15,15,26,80,102,7,15,15,15,15,15,15,15,150,174,15,15,15,15,15,15,15,15,15,15,15,15,15,15,15,15,102,28,102,15,7,15,15,15,220
       db 79,56,26,15,15,15,15,15,15,15,15,29,15,26,79,15,15,15,15,15,15,15,15,56,78,30,101,15,15,15,15,15,15,15,30,243,15,15,15,25
       db 9,56,172,29,15,15,15,26,79,26,79,174,15,15,15,15,0,0,15,15,15,25,101,15,15,25,30,15,7,172,79,26,172,15,15,29,79,78,101,7
       db 15,15,15,15,15,7,15,30,79,149,15,15,15,56,25,150,15,15,15,100,15,15,15,15,15,15,174,25,9,26,29,15,15,15,56,79,78,7,15,15
       db 15,15,15,25,151,26,173,15,15,15,15,15,15,15,15,15,15,15,15,15,15,15,15,15,29,79,101,15,7,15,25,173,26,172,15,15,15,15,15,15
       db 15,15,15,15,15,78,25,15,15,15,15,15,15,15,15,79,26,102,102,15,15,15,15,15,15,128,150,79,15,15,15,79,25,25,172,15,15,15,15,78
       db 26,56,172,79,174,150,175,174,0,0,15,15,15,15,15,28,79,78,79,26,79,79,26,56,149,15,15,26,102,103,30,78,174,15,15,15,150,103,102,101
       db 15,15,28,15,15,25,79,79,173,15,15,15,102,30,15,15,15,15,174,26,25,79,174,15,15,7,27,78,103,25,25,173,173,9,26,25,9,25,9,30
       db 15,15,15,15,15,15,15,15,15,15,15,15,15,15,15,15,15,15,7,102,103,78,26,9,15,15,15,15,15,15,15,15,15,15,15,15,26,26,15,15
       db 15,15,15,15,15,15,15,26,56,78,27,175,174,150,150,150,25,25,56,172,15,15,174,26,79,78,103,26,15,15,15,26,56,26,79,27,56,25,102,15
       db 0,0,15,15,15,15,15,15,15,15,15,15,15,15,15,15,29,15,15,102,28,30,29,28,79,102,15,79,30,102,30,102,29,103,102,15,15,15,15,30
       db 101,15,15,15,79,15,15,15,15,15,15,15,15,15,15,15,15,25,56,26,79,103,78,78,102,7,79,79,7,79,25,7,15,15,15,15,15,15,15,15
       db 15,15,15,15,15,15,15,15,15,15,15,15,15,15,15,15,15,15,15,15,15,15,15,15,15,15,15,15,15,15,15,15,15,15,15,15,15,15,26,78
       db 78,78,103,102,78,103,28,79,79,78,7,79,25,15,15,15,15,15,15,15,15,15,15,15,15,15,15,15,15,15,15,15,0,0,15,15,15,15,15,15
       db 15,15,15,15,15,15,15,15,15,15,15,15,15,15,15,15,15,15,15,15,15,15,15,15,15,15,15,15,15,15,15,15,15,15,15,15,15,15,15,15
       db 15,15,15,15,15,15,15,15,15,15,15,15,15,15,15,15,15,15,15,15,15,15,15,15,15,15,15,15,15,15,15,15,15,15,15,15,15,15,15,15
       db 15,15,15,15,15,15,15,15,15,15,15,15,15,15,15,15,15,15,15,15,15,15,15,15,15,15,15,15,15,15