

pics	db 100,150
	db 45,9,51,87,50,251,251,129,251,251,129,249,251,251,250,247,7,43,7,246,247,86,43,7,86,248,7,43,247,247,50,248,43,86,50,44,7,7,50,8,14,8,8,50,50,93,51,50,8,8,8,8,50,7,246,246,86,249,249,86,250,248,250,251,94,50,87,93,51,87,51,45,51,51,9,51,9,9,10,94,249,249,129,249,51,9,45,9,45,9,9,51,50,44,248,93,86,93,136,130
	db 51,51,9,88,129,252,251,252,251,252,251,250,129,251,93,248,246,43,7,246,43,249,43,7,50,86,43,7,50,247,44,249,50,86,93,7,8,8,50,51,8,14,8,8,8,14,8,14,14,8,50,8,50,1,7,1,249,93,92,250,92,93,250,135,130,44,94,88,51,86,93,51,87,51,51,52,10,46,45,93,50,93,87,249,9,9,51,9,10,51,51,248,50,87,50,87,50,249,93,136
	db 130,51,45,51,136,251,252,251,251,251,251,251,93,251,129,249,7,44,43,7,43,249,44,246,44,93,44,43,44,50,43,86,50,86,86,44,7,7,8,44,50,8,14,50,14,8,14,8,8,8,8,14,44,246,246,7,249,249,249,93,86,86,93,250,51,93,88,51,51,129,130,51,247,249,52,52,51,9,52,93,50,87,51,57,45,9,51,52,45,45,51,50,87,93,50,86,51,87,51,87
	db 87,94,93,88,252,251,130,251,252,252,252,251,249,93,251,249,50,43,7,7,43,93,7,7,43,86,7,43,7,86,44,50,87,249,50,8,7,8,7,8,14,8,8,8,8,14,8,44,14,44,8,43,7,7,1,246,87,93,92,86,93,50,247,43,247,87,93,51,87,130,88,51,50,130,94,51,52,10,52,129,93,50,93,52,9,15,45,52,51,87,51,44,51,87,250,94,51,8,44,50
	db 15,130,129,136,251,251,251,136,252,250,129,250,250,250,251,129,86,43,43,7,246,249,44,43,8,50,44,44,7,86,50,43,50,93,87,7,7,44,44,50,50,50,50,50,44,8,50,14,50,50,50,50,86,247,43,7,50,250,87,50,248,249,44,247,44,49,86,87,50,57,51,45,130,136,94,51,46,15,87,93,93,129,94,45,9,52,52,51,87,94,252,51,44,51,94,45,44,44,51,249
	db 93,136,172,172,172,252,252,136,93,129,252,252,251,249,130,135,93,7,44,43,7,249,44,7,7,44,7,43,44,7,50,43,86,249,93,8,50,50,50,44,43,43,43,50,50,50,49,248,247,247,247,43,247,50,248,248,93,87,86,248,50,86,50,7,43,44,49,50,50,44,87,51,93,88,52,52,52,10,94,87,50,93,88,10,9,88,51,87,93,129,129,136,87,8,45,9,15,93,93,43
	db 252,173,136,173,173,136,251,252,129,129,136,251,252,129,250,251,251,50,43,7,1,86,50,44,7,7,7,14,43,44,50,44,50,50,50,87,50,43,7,7,43,8,7,246,7,43,1,246,7,245,7,245,7,245,7,44,249,249,50,248,248,50,86,44,7,7,44,44,86,50,247,50,87,51,88,52,51,51,51,51,87,94,51,10,52,51,87,93,249,92,129,129,94,9,10,45,94,50,7,7
	db 252,136,252,136,136,172,137,251,129,129,129,250,250,135,250,252,251,86,43,8,43,44,44,246,7,7,44,43,43,50,50,247,248,93,86,43,8,8,44,44,8,8,43,1,43,7,8,8,7,7,43,7,43,7,44,7,7,43,86,248,248,50,86,50,7,44,7,43,50,248,7,43,44,50,93,93,52,51,51,93,50,51,45,9,52,87,136,129,249,249,249,87,94,10,15,94,50,44,43,246
	db 252,173,172,130,94,94,172,136,250,250,250,129,93,250,129,129,129,93,44,7,246,44,44,7,8,44,44,7,50,247,247,50,87,44,8,8,50,8,8,14,44,7,8,7,8,44,14,44,8,7,7,8,44,8,44,14,44,7,7,248,86,248,50,249,44,7,43,43,7,248,44,43,247,50,44,93,129,51,51,44,50,94,9,46,88,93,250,251,93,250,50,136,51,9,94,249,8,43,7,7
	db 136,172,172,221,130,93,94,130,129,50,247,249,129,135,93,129,252,129,50,44,7,7,7,8,43,44,50,50,248,50,86,50,8,7,50,8,8,50,8,8,8,8,44,7,8,45,15,8,44,8,44,7,44,14,8,45,14,44,8,7,247,86,49,50,86,44,7,44,43,247,50,7,43,247,247,44,86,87,50,87,87,51,10,15,94,87,93,249,129,250,129,88,9,94,87,7,8,7,44,7
	db 130,137,172,172,137,130,93,94,51,247,246,86,129,129,251,251,252,93,86,43,7,43,8,43,44,50,248,248,50,86,50,43,8,51,9,51,8,8,51,8,51,51,15,44,8,8,51,50,15,50,44,8,8,44,14,14,9,51,50,8,7,49,249,86,50,248,7,246,7,7,247,247,7,44,44,49,7,86,87,249,93,88,16,45,94,86,130,93,250,87,136,51,45,51,50,8,43,7,7,7
	db 93,136,253,172,253,252,94,88,50,246,245,43,50,128,129,129,251,129,250,7,44,7,50,50,50,86,44,50,86,44,8,8,51,8,51,8,50,8,51,15,51,15,51,15,51,15,14,15,14,15,15,50,15,8,8,44,14,50,9,50,8,7,247,86,248,248,43,8,43,43,247,50,43,7,49,44,44,50,93,50,93,94,45,51,93,87,250,93,129,251,94,9,51,50,44,7,7,8,43,7
	db 94,130,137,172,172,173,94,51,50,246,245,246,43,86,86,128,129,252,130,247,7,50,50,43,50,50,248,86,50,8,50,51,14,51,14,9,15,51,15,51,15,51,51,15,14,15,51,15,51,51,9,51,51,51,51,14,8,45,14,51,8,44,7,247,248,247,44,246,7,7,44,50,43,43,44,14,86,129,136,136,94,88,52,52,130,93,43,93,93,130,51,45,50,50,8,7,7,37,7,1
	db 94,94,136,253,172,172,172,93,247,246,245,245,245,43,43,248,129,136,250,86,247,50,44,50,86,248,50,50,8,9,15,45,15,9,51,50,15,8,15,50,15,51,15,50,51,51,15,51,15,14,51,14,14,51,51,93,44,8,50,9,51,44,8,246,50,248,247,8,43,7,43,247,50,7,44,247,94,136,253,172,172,130,51,51,136,86,50,248,86,94,9,51,50,50,8,43,7,7,7,8
	db 87,94,130,221,253,136,172,93,43,246,245,245,246,245,246,49,128,251,129,136,87,50,86,50,248,50,50,8,50,51,50,15,50,15,51,15,51,15,51,15,51,14,51,15,51,15,50,15,51,15,14,45,45,14,51,51,51,50,8,50,15,14,50,7,43,50,247,44,246,7,44,7,87,7,44,50,136,173,172,136,172,136,130,94,93,44,50,50,86,94,9,51,51,50,8,7,8,7,7,246
	db 93,88,93,137,172,172,172,251,247,245,245,245,42,245,245,43,250,171,136,88,93,250,50,86,248,50,44,51,51,51,9,8,51,51,14,51,15,51,15,50,8,8,51,14,50,15,51,51,15,51,45,14,8,14,51,15,50,51,14,15,14,45,45,14,7,247,50,43,43,7,43,50,93,247,247,93,136,172,173,172,172,172,172,136,87,7,44,43,94,88,45,51,86,8,8,8,8,246,8,7
	db 94,58,87,130,172,136,172,136,86,246,245,245,36,245,245,42,85,171,129,51,51,93,248,248,56,50,50,51,14,15,50,15,51,15,45,15,50,15,50,8,8,50,15,44,14,14,44,14,51,14,15,44,15,8,44,51,14,51,45,14,45,14,15,44,8,7,50,50,7,44,43,44,50,7,50,130,253,173,172,136,172,136,137,252,51,44,50,51,94,88,9,58,51,14,8,43,7,8,7,43
	db 251,87,57,93,173,172,136,129,50,246,245,245,245,245,245,245,43,250,135,51,87,93,50,86,50,44,51,14,45,8,15,51,9,51,15,51,15,51,15,44,7,8,51,14,44,14,8,14,15,44,14,9,44,8,8,15,50,15,14,9,51,8,44,15,44,8,247,50,247,7,7,43,43,43,249,136,172,178,172,252,172,172,172,136,249,51,86,93,93,51,9,94,50,8,8,8,7,44,8,7
	db 136,94,87,87,136,172,172,130,86,43,245,245,245,245,245,245,245,85,250,51,51,87,86,86,7,51,50,14,51,15,51,15,50,15,51,15,51,15,50,8,7,14,8,8,8,44,7,44,15,50,9,50,14,44,8,8,8,50,9,50,14,51,14,44,14,8,7,86,50,43,43,7,7,50,130,253,136,173,172,136,252,136,172,252,136,93,93,129,93,94,51,93,51,8,50,8,50,50,7,246
	db 251,130,87,51,129,253,252,94,86,247,246,245,245,245,245,245,245,246,43,50,51,93,86,8,50,50,8,45,9,50,9,51,15,51,51,51,15,51,8,7,43,44,14,44,7,50,43,8,44,14,8,14,8,8,44,8,14,15,51,51,51,8,50,8,8,44,7,43,248,43,7,44,247,50,252,136,253,172,178,172,136,172,172,172,172,172,252,252,136,172,94,130,93,50,7,8,50,8,43,7
	db 93,129,93,51,87,172,136,136,129,93,43,245,245,245,245,245,245,245,245,43,86,249,50,7,50,8,15,14,15,51,14,14,51,15,15,51,15,14,8,7,8,8,8,8,7,44,7,8,50,8,8,8,44,8,7,7,44,44,15,50,51,14,45,14,247,8,43,7,86,50,43,7,43,93,252,172,136,179,136,136,172,136,172,136,172,173,172,172,172,136,130,252,136,94,51,50,50,8,7,1
	db 87,93,93,86,51,136,252,136,252,130,86,43,245,245,0,245,245,245,245,42,247,50,43,44,50,8,15,44,15,8,45,51,15,50,51,15,50,45,8,43,7,50,44,8,43,8,246,7,8,44,14,8,50,8,43,7,8,14,45,8,51,45,14,9,7,44,8,246,247,50,247,44,50,129,136,253,172,253,173,172,136,172,136,172,136,172,136,136,252,252,251,251,251,251,251,130,50,7,7,246
	db 93,87,93,87,249,130,136,130,136,252,87,247,245,0,245,245,245,0,245,245,245,245,246,50,8,14,8,14,45,14,15,50,15,51,15,50,15,50,8,8,43,8,14,7,43,43,7,246,7,8,43,8,8,44,8,43,7,8,14,45,14,50,15,50,8,7,44,7,246,248,247,43,248,136,172,136,172,172,172,136,136,136,172,172,136,172,172,172,136,251,136,251,136,136,135,136,44,7,7,245
	db 94,93,87,93,50,93,172,130,130,129,93,250,86,43,245,0,0,245,36,0,245,245,1,43,8,44,9,50,45,14,44,15,45,14,51,9,50,8,43,7,7,8,44,7,44,7,248,7,246,7,7,7,247,50,7,7,7,8,44,14,8,51,44,8,50,8,7,43,246,50,248,50,50,252,136,136,178,173,136,130,130,173,172,252,252,223,136,172,172,251,251,251,251,251,130,129,7,7,1,246
	db 93,130,93,51,86,129,222,136,93,136,172,136,130,88,44,246,246,245,245,245,245,245,245,246,7,44,14,44,14,9,15,14,14,51,8,51,50,8,8,7,44,7,44,43,50,7,247,246,247,7,246,246,43,51,7,43,8,7,8,44,14,44,14,50,8,44,7,44,7,246,86,248,250,136,252,251,172,136,172,93,136,136,136,172,136,253,253,172,136,251,252,251,251,251,135,93,7,246,7,246
	db 93,94,136,87,56,250,136,252,93,136,173,172,130,129,136,130,87,86,44,43,245,245,245,1,43,14,8,8,44,14,51,9,44,14,51,50,9,7,43,7,7,43,7,44,247,7,247,7,247,7,246,246,246,50,44,7,43,43,8,8,44,14,44,8,50,8,7,7,43,246,86,50,252,136,251,136,137,172,136,93,129,252,172,136,172,253,172,172,251,130,251,252,252,251,252,248,7,7,246,245
	db 100,130,252,94,87,93,173,136,87,130,136,172,136,94,130,136,136,136,87,50,7,1,245,246,7,8,44,14,8,51,8,14,51,51,50,50,50,8,8,7,44,7,7,43,247,7,43,246,43,245,7,1,245,43,50,246,7,44,7,50,8,8,50,8,44,8,44,7,8,7,247,249,136,251,93,136,172,136,136,249,94,136,136,172,136,253,172,136,252,252,252,251,252,251,251,50,1,7,246,245
	db 136,129,136,136,87,87,252,136,129,94,172,173,136,130,87,130,172,252,93,44,44,43,245,246,8,44,8,8,45,14,14,44,94,50,50,51,44,7,246,44,7,7,246,7,248,1,43,246,7,50,1,246,246,7,50,44,7,247,7,8,8,8,247,43,50,44,8,43,8,43,246,129,172,129,93,251,137,172,136,86,93,136,252,252,172,172,253,252,252,251,251,130,251,136,129,7,43,7,245,245
	db 172,136,129,136,130,93,136,172,94,87,252,136,172,130,93,93,130,136,130,7,50,8,245,7,8,50,8,44,14,9,44,50,94,50,51,86,50,8,7,8,43,37,7,43,247,7,247,44,246,86,246,7,246,246,86,247,1,248,43,44,44,44,7,44,50,8,13,50,7,8,246,250,136,129,93,136,172,172,136,51,93,251,136,136,172,136,172,136,251,252,252,251,252,251,93,7,7,1,246,246
	db 172,136,136,252,130,93,136,172,129,93,130,172,172,173,93,87,130,136,86,8,93,246,1,7,8,8,14,8,44,15,8,93,86,44,50,87,50,43,8,43,8,246,246,43,247,7,247,247,245,249,86,7,44,245,86,86,7,44,247,7,8,8,44,7,43,50,8,44,44,7,43,248,252,130,93,136,173,172,130,86,87,135,251,252,136,172,136,251,252,251,136,252,251,252,86,7,246,7,246,1
	db 172,172,252,136,136,124,136,172,130,93,130,173,136,172,94,93,93,251,50,50,51,246,245,8,44,50,8,44,14,8,7,87,50,50,50,50,86,44,7,8,43,246,245,43,49,245,44,50,245,44,129,1,246,7,247,93,43,43,50,43,43,44,7,50,246,44,7,50,247,8,7,247,136,130,130,136,172,136,136,50,50,136,251,136,172,136,251,252,251,252,130,252,251,136,44,7,246,7,245,246
	db 253,136,136,172,173,130,136,172,136,249,93,136,172,172,130,94,129,129,7,87,247,43,1,43,8,8,8,14,8,44,50,93,50,44,44,248,50,50,246,7,43,7,1,43,247,246,8,86,7,43,93,247,8,37,7,86,248,7,86,43,8,7,8,247,246,50,44,7,8,8,43,44,252,136,93,252,136,172,130,248,249,136,129,172,136,130,252,251,252,251,252,252,251,251,44,246,7,245,245,7
	db 172,172,172,136,172,136,252,137,136,250,93,130,173,136,136,88,136,92,44,87,7,43,7,8,44,50,8,44,8,43,87,50,247,49,50,50,248,50,7,246,7,246,246,247,50,7,44,86,43,7,248,87,7,43,7,44,93,245,86,49,7,43,44,43,246,247,8,43,44,7,8,43,129,136,252,136,172,172,94,247,86,136,129,136,136,251,136,252,252,136,251,252,136,93,7,7,37,1,246,245
	db 172,136,253,172,172,136,252,172,172,93,249,94,136,172,136,94,251,44,49,249,246,43,7,7,44,44,8,8,7,43,93,50,43,50,44,86,247,248,246,7,43,1,7,43,50,43,8,50,44,246,50,50,44,8,43,43,250,246,43,50,43,7,7,44,246,43,44,8,50,43,8,44,249,136,252,136,172,136,129,50,86,249,136,173,136,172,252,251,252,252,252,251,252,87,7,246,7,246,7,1
	db 172,253,253,136,172,253,172,172,136,251,86,93,130,137,252,251,130,7,50,86,7,44,7,7,50,7,8,44,7,50,249,44,7,86,43,87,50,248,7,246,7,246,7,43,50,43,7,50,44,7,44,247,93,8,8,7,87,50,43,248,43,43,8,7,43,7,50,7,43,44,7,8,50,252,252,136,172,172,93,247,50,86,251,252,130,136,251,252,136,252,252,251,136,86,7,7,245,245,245,246
	db 136,172,172,222,172,172,173,172,136,136,86,92,94,172,252,136,87,246,50,247,7,43,7,2,50,8,247,8,7,248,87,50,7,50,44,50,86,44,247,1,43,8,246,8,50,44,8,50,44,43,247,50,44,50,8,44,247,249,245,50,247,7,43,7,247,43,44,7,50,43,8,43,86,252,136,166,136,172,93,247,248,249,252,136,93,251,136,252,251,252,251,252,251,44,7,1,246,1,246,7
	db 253,172,222,253,253,136,178,136,172,130,249,249,93,136,172,136,248,7,86,43,43,8,43,7,248,7,8,43,7,86,93,7,7,248,44,50,86,247,86,7,44,246,8,247,247,7,43,50,8,247,7,50,43,51,248,44,7,249,43,247,247,43,7,7,44,246,43,8,44,7,43,8,248,251,172,136,172,137,249,248,248,93,136,136,130,136,251,251,252,252,251,252,129,7,7,246,245,245,7,1
	db 136,253,136,253,178,253,173,172,172,136,86,249,87,130,136,252,50,43,86,43,44,7,7,246,44,7,7,44,43,86,50,44,7,44,50,50,50,50,87,43,7,246,246,44,50,50,7,44,44,50,7,87,7,44,51,44,8,50,86,43,50,43,7,246,44,7,247,43,14,44,7,50,44,93,172,136,172,136,250,247,86,129,172,94,129,130,252,252,251,252,252,136,93,246,7,245,245,246,246,7
	db 172,172,172,172,179,172,253,136,252,136,93,86,93,130,172,251,43,44,86,246,44,43,7,43,44,7,43,8,7,249,50,44,7,7,86,50,86,44,50,248,1,8,7,44,50,43,44,50,8,50,247,50,50,7,50,50,44,50,93,7,248,44,44,7,247,43,43,7,43,14,43,50,247,249,252,173,172,136,249,247,86,136,136,93,130,136,252,251,252,252,251,252,86,1,246,7,245,246,1,7
	db 172,172,222,253,253,253,178,172,252,136,249,86,87,93,172,130,43,247,248,246,50,7,245,7,43,7,7,7,43,249,50,8,7,7,44,51,86,44,50,86,8,43,7,44,50,43,14,50,44,7,44,50,50,50,50,93,50,8,130,86,248,50,44,7,7,43,43,44,7,44,246,50,247,86,172,136,172,136,87,247,93,252,130,129,136,252,252,252,252,252,130,136,43,7,7,1,245,7,246,7
	db 252,136,172,172,253,179,253,136,252,172,93,86,86,93,136,129,7,247,50,43,44,246,246,43,43,7,43,44,43,86,44,7,43,7,44,50,86,8,248,50,44,43,8,44,50,44,44,50,8,43,50,50,94,50,44,14,51,50,93,93,8,86,50,7,43,44,7,43,7,247,7,44,247,50,136,172,172,136,249,50,129,136,136,93,130,252,136,252,252,251,252,93,7,7,246,245,246,245,7,8
	db 252,252,252,136,252,252,253,172,252,136,129,87,249,87,172,86,245,86,248,43,7,246,245,247,7,246,7,43,49,87,50,50,50,50,50,51,93,50,50,50,50,8,43,8,50,49,8,50,50,8,93,51,93,8,7,7,44,51,50,130,247,50,43,7,43,43,43,7,43,44,246,247,247,247,251,172,172,172,50,50,252,136,130,93,252,252,252,252,252,136,252,87,7,246,1,7,246,7,1,7
	db 252,252,252,251,136,252,136,172,252,172,94,92,86,250,136,248,246,248,43,247,43,246,245,247,246,246,7,247,86,93,50,8,8,43,8,50,129,93,87,50,44,50,8,247,50,50,44,50,50,8,50,50,93,50,8,7,8,50,50,93,86,50,43,44,7,44,43,43,7,43,246,44,50,49,129,136,172,136,249,87,136,136,129,94,252,136,252,130,252,251,136,44,7,7,245,245,7,246,8,7
	db 252,136,252,252,252,252,252,252,172,172,251,249,249,93,252,247,43,86,43,44,7,7,246,247,6,1,43,247,50,87,43,8,7,7,7,246,57,87,50,51,50,50,247,8,50,50,8,50,45,7,43,44,93,87,50,50,50,50,87,94,93,248,247,43,7,43,7,43,7,43,246,50,247,43,93,172,172,172,87,93,172,172,94,93,252,252,252,252,252,130,251,7,7,245,245,7,246,7,8,7
	db 252,252,252,252,252,252,252,172,136,172,136,249,249,129,251,43,43,86,49,247,246,246,245,247,246,245,7,247,86,50,7,7,44,7,44,8,43,51,7,50,87,7,50,44,50,44,7,51,50,7,8,7,50,251,251,252,136,130,136,251,251,51,50,7,44,246,43,246,7,43,246,248,247,49,250,172,172,136,93,94,172,136,87,251,136,252,130,172,252,252,93,7,246,246,1,245,7,8,246,7
	db 252,252,252,136,252,130,252,252,173,172,136,93,249,136,129,1,247,50,43,50,246,246,245,247,246,246,246,44,86,50,44,50,50,87,86,51,50,50,50,8,93,7,44,50,50,50,7,50,51,7,43,8,87,136,172,172,172,251,172,172,172,249,44,43,7,43,246,43,246,43,245,248,248,43,249,136,172,172,93,130,136,136,87,129,252,136,252,252,252,251,44,7,7,1,246,7,1,7,7,8
	db 252,252,252,252,252,252,252,252,172,172,172,250,87,252,250,246,44,86,43,247,246,1,246,247,245,246,7,43,86,87,93,129,130,172,136,172,252,93,50,44,50,50,7,51,8,93,7,50,93,8,8,50,136,253,253,172,252,7,92,172,253,129,50,43,8,7,43,43,7,43,246,248,86,43,86,252,172,136,130,136,172,130,57,251,136,252,252,252,252,93,43,8,246,7,245,246,7,8,43,7
	db 252,252,252,252,252,252,136,172,172,173,172,93,250,136,86,7,247,86,7,247,246,245,246,247,246,7,43,247,86,129,136,173,172,178,253,172,129,251,129,50,50,50,8,50,50,93,8,44,87,43,50,129,172,253,136,253,251,7,249,251,250,222,249,43,8,43,43,7,245,43,43,49,86,43,49,252,178,172,130,172,136,130,50,251,252,252,252,136,252,87,7,7,1,245,7,7,246,8,7,7
	db 252,252,136,252,252,252,252,252,173,172,136,251,130,172,50,44,44,86,43,248,7,245,246,247,245,245,43,247,50,251,172,92,172,136,173,136,7,86,173,251,8,43,7,8,50,93,44,7,50,8,93,130,249,253,172,222,172,130,136,172,247,251,252,247,7,247,43,43,246,43,7,248,86,43,247,136,172,136,136,136,172,93,87,251,136,252,252,252,136,44,7,246,246,7,246,8,7,8,7,8
	db 251,252,252,252,172,252,252,252,136,178,172,136,130,136,44,247,50,248,246,247,245,245,246,50,245,7,246,247,50,130,86,248,253,253,172,252,247,50,136,250,50,7,8,43,44,93,50,8,8,7,86,50,248,172,172,172,136,253,136,252,43,249,172,50,7,44,43,43,245,43,246,247,250,43,247,129,172,172,252,172,136,94,93,252,252,252,136,252,93,7,7,246,245,7,7,246,8,7,44,7
	db 252,252,252,252,136,252,252,172,136,173,172,251,172,130,7,44,44,50,246,247,246,245,245,248,246,245,44,247,86,93,247,249,178,172,136,172,136,172,251,43,44,7,7,8,7,87,50,7,7,8,7,245,247,178,130,136,178,173,93,251,246,92,172,247,44,13,43,246,7,43,43,247,129,7,247,129,178,172,136,172,172,93,94,252,252,252,252,252,50,43,8,245,1,246,1,8,7,7,7,8
	db 252,252,252,252,252,252,252,252,136,172,172,136,172,93,44,50,44,86,246,248,246,245,246,248,245,7,43,247,50,87,43,249,172,136,173,172,173,136,130,7,7,7,7,8,7,8,49,8,7,43,7,246,43,252,86,93,130,93,130,251,246,93,250,50,7,43,43,43,245,43,7,247,250,43,248,93,172,172,172,172,136,93,130,252,130,252,251,93,44,8,7,245,246,7,7,7,7,8,8,7
	db 252,136,252,252,252,172,252,252,252,172,136,172,172,87,8,50,43,86,246,247,246,246,245,248,245,245,43,49,86,93,7,86,172,129,136,136,94,251,251,7,7,8,7,7,43,7,7,43,7,7,7,7,7,129,93,44,50,51,136,50,7,50,87,248,7,44,43,7,246,44,7,248,130,246,50,250,172,136,172,178,136,87,130,252,252,252,86,250,44,7,1,246,7,7,7,8,8,246,8,8
	db 130,252,252,172,252,252,136,251,136,172,173,172,136,50,44,50,44,50,246,43,43,245,245,248,246,245,246,247,50,86,50,43,136,86,87,87,93,136,93,7,8,7,8,8,7,8,7,7,43,8,43,7,247,93,172,130,129,136,130,50,50,44,86,248,7,43,247,246,7,44,246,86,251,43,248,249,136,178,172,172,136,93,136,252,136,129,248,250,50,7,7,245,246,7,44,7,8,7,8,43
	db 249,136,252,136,252,252,172,94,87,172,136,172,252,50,8,50,43,87,43,43,247,245,245,247,246,246,7,248,87,50,86,7,129,93,50,50,93,173,87,7,43,7,7,43,7,246,44,246,1,7,7,44,7,87,136,179,179,222,251,93,44,7,51,247,7,44,43,7,245,44,8,86,93,43,44,93,172,136,136,172,172,93,130,252,251,92,85,249,87,7,7,7,246,7,1,8,43,8,7,8
	db 7,130,172,252,252,136,172,93,44,172,173,172,94,44,247,50,8,86,247,7,44,245,7,248,7,245,246,247,249,50,51,50,87,172,252,136,173,252,50,246,8,7,8,7,8,7,7,7,7,246,7,7,7,7,249,93,130,93,51,43,7,8,86,247,7,247,7,44,246,50,245,86,129,247,50,86,136,172,172,172,136,93,93,252,250,248,248,50,250,44,7,37,7,7,8,7,8,7,44,7
	db 246,43,129,136,252,252,136,94,44,93,172,136,250,50,44,50,8,87,43,7,248,7,245,44,43,7,246,247,93,93,87,50,93,136,222,136,250,44,7,7,7,7,43,7,43,7,246,1,246,7,1,43,7,8,7,7,7,8,43,7,7,43,50,247,7,44,247,8,246,44,7,86,93,44,50,249,172,136,136,136,136,129,136,252,92,248,49,43,248,50,43,7,8,44,7,8,7,8,7,8
	db 246,7,44,130,136,166,172,88,51,248,253,136,87,51,50,44,44,50,50,246,44,7,7,44,44,246,7,247,249,250,93,44,50,50,248,44,246,7,7,44,7,7,8,7,1,7,246,7,1,43,7,7,1,7,8,246,8,7,7,245,7,43,50,247,7,43,44,8,7,247,43,86,93,247,50,87,136,172,172,252,136,136,136,129,247,247,246,245,246,248,8,43,7,7,8,246,8,246,8,7
	db 1,246,245,50,130,252,136,51,94,44,172,136,50,50,93,50,8,86,44,7,44,43,246,50,247,7,246,247,87,250,93,87,7,8,7,7,246,246,7,7,37,7,246,7,7,43,7,245,245,246,2,43,8,1,7,7,246,7,1,246,43,7,86,43,8,43,50,247,8,44,43,86,250,44,44,86,136,172,136,136,251,172,130,135,248,7,247,49,43,247,248,8,1,8,7,8,7,8,7,7
	db 245,246,8,7,93,172,130,81,94,44,93,87,87,44,94,50,14,87,50,44,50,7,7,44,44,7,246,247,86,86,87,93,50,8,246,246,246,1,8,7,8,43,7,1,7,7,43,1,7,246,7,7,7,8,7,7,7,7,246,245,7,44,249,44,246,49,44,8,44,43,50,86,93,50,50,51,172,136,172,130,130,136,93,249,86,246,248,86,86,247,50,248,8,43,8,8,7,44,7,8
	db 245,246,8,45,87,94,137,87,52,51,87,51,87,14,251,8,44,86,50,7,44,44,1,44,50,44,1,247,50,87,92,44,50,43,246,1,246,246,7,43,7,7,2,7,7,44,7,7,245,7,1,43,8,7,246,7,246,1,245,7,1,51,93,7,43,44,14,44,7,43,50,50,250,44,50,86,172,172,136,136,136,136,87,50,51,43,248,86,248,86,249,249,7,8,7,43,8,7,8,246
	db 245,246,44,51,51,87,94,130,94,45,45,94,86,51,251,14,50,86,44,44,44,50,7,8,50,44,7,247,50,87,93,50,44,50,7,246,1,246,8,7,2,246,7,7,7,7,43,1,7,246,7,1,7,7,8,7,246,7,245,7,44,93,87,50,7,247,50,8,44,43,247,248,93,248,51,50,172,136,172,130,136,130,7,7,93,247,85,86,92,248,92,93,249,8,8,7,44,7,7,8
	db 246,7,50,51,45,52,88,50,130,93,51,130,50,93,130,50,44,249,50,14,247,44,8,43,51,44,7,44,86,93,87,93,8,44,8,7,246,7,44,7,7,7,7,246,7,44,8,44,44,8,246,8,43,7,246,1,7,245,246,7,51,93,87,7,44,8,50,44,50,7,247,50,129,44,50,87,136,172,136,136,251,50,8,7,50,249,50,85,248,86,85,86,250,248,44,7,8,7,8,247
	db 7,1,51,44,51,45,52,51,93,93,87,136,50,130,93,8,50,136,87,44,44,14,43,8,51,50,7,44,50,87,93,136,93,8,43,7,1,246,7,7,246,8,7,1,7,50,247,7,8,7,7,7,1,7,246,7,246,245,7,87,93,51,56,44,44,50,51,8,44,43,50,247,93,50,51,50,252,136,136,252,51,7,7,43,8,50,50,248,86,85,86,91,86,93,50,8,7,8,7,86
	db 7,44,51,8,45,9,52,51,130,136,172,94,50,136,93,50,50,252,51,50,50,50,8,8,86,50,44,7,50,93,87,93,94,50,8,8,43,8,7,2,7,1,246,7,7,1,7,7,7,7,8,1,7,246,1,245,246,1,50,94,93,50,87,8,43,50,44,14,247,44,50,44,129,44,50,87,136,172,252,93,7,43,7,43,8,50,93,86,92,86,248,86,86,92,250,50,43,7,44,50
	db 7,8,44,8,51,45,52,45,93,130,251,87,87,173,87,51,86,252,50,51,44,51,8,44,44,51,7,44,44,93,93,130,249,94,50,8,7,8,246,7,7,44,8,7,7,7,7,7,44,7,44,50,247,43,245,7,1,50,130,87,51,50,50,50,7,51,8,50,44,50,247,50,93,50,51,249,136,136,93,7,7,7,246,246,7,8,86,93,86,92,248,249,86,250,136,93,8,43,50,248
	db 7,44,51,44,44,9,46,45,50,51,50,51,130,172,51,50,129,252,51,14,87,51,44,14,8,93,44,44,50,87,129,93,93,250,94,87,8,7,8,7,7,14,86,51,50,51,50,44,50,50,50,247,7,7,1,7,248,130,94,51,50,50,51,43,44,50,45,50,43,51,44,50,129,44,51,87,136,129,43,43,7,246,7,246,7,50,8,93,250,86,92,86,92,129,251,129,87,93,129,43
	db 8,51,45,44,44,45,10,51,50,44,50,50,136,136,87,51,130,252,87,44,87,50,51,8,50,87,8,8,50,87,93,129,50,50,130,93,51,8,8,246,8,246,8,7,50,50,44,50,247,7,245,7,246,245,7,248,93,93,87,50,44,86,50,44,50,51,14,50,44,51,247,50,93,50,50,93,129,44,7,7,7,246,246,246,8,7,44,50,93,249,86,249,252,136,129,94,251,251,94,247
	db 8,50,9,44,50,9,9,45,51,7,44,93,86,93,51,249,251,252,93,14,51,87,50,8,8,87,50,8,45,86,87,130,93,51,93,93,93,51,44,8,7,8,7,8,7,1,7,7,1,7,7,1,246,1,51,93,44,50,87,50,50,51,50,44,50,51,8,51,50,50,44,51,129,44,93,93,7,7,7,43,246,246,1,246,7,8,8,14,86,129,250,251,251,251,93,136,129,129,92,43
	db 44,50,9,44,44,9,9,44,50,8,50,86,44,50,50,93,172,136,93,44,93,50,51,14,8,57,51,44,50,50,93,250,87,14,51,130,51,93,87,93,50,8,7,8,7,8,7,44,7,7,43,7,7,50,250,49,7,50,87,86,44,86,50,8,50,50,50,44,51,51,50,50,130,50,93,7,7,44,7,246,7,246,7,44,8,43,8,44,14,93,251,136,136,93,250,251,135,249,86,247
	db 8,51,8,44,50,9,10,8,50,246,51,50,43,44,51,93,252,253,94,50,87,93,86,8,51,51,249,8,15,87,249,86,93,51,50,94,50,51,56,87,51,51,50,7,8,44,8,7,8,8,1,8,86,93,8,7,245,50,50,93,44,51,50,50,51,8,15,50,51,50,44,93,93,93,50,43,8,7,37,7,246,1,7,8,7,8,14,8,44,14,87,93,93,93,93,136,129,249,49,50
	db 14,44,45,44,44,9,9,44,50,8,50,50,43,50,51,129,87,251,252,51,93,251,50,51,14,50,51,50,51,50,93,93,94,93,8,87,93,51,87,50,50,50,51,51,14,8,7,8,44,7,7,87,93,44,7,7,7,44,87,51,50,50,44,51,51,8,51,44,50,51,50,92,251,51,7,8,7,246,7,246,1,7,44,8,44,8,8,8,8,7,8,7,51,129,136,129,249,248,44,249
	db 44,45,15,44,50,9,46,8,50,43,8,7,7,50,93,130,50,49,94,50,129,136,87,50,9,51,50,50,8,51,93,87,50,94,8,50,93,50,51,87,8,14,50,57,93,51,14,8,7,8,93,93,8,7,7,7,246,50,249,86,51,50,50,93,44,51,50,87,93,51,50,94,50,7,246,1,7,43,7,1,7,7,8,7,8,8,8,7,14,44,14,8,7,50,130,129,86,49,50,249
	db 14,45,9,44,44,9,9,8,44,44,7,43,7,50,93,86,44,7,50,51,130,172,93,51,50,8,87,93,51,51,93,136,51,51,86,7,93,50,51,92,50,8,8,8,51,93,93,51,51,93,93,8,8,43,7,245,7,247,93,51,51,87,248,51,14,93,51,129,130,94,50,7,7,8,7,43,8,1,246,7,43,8,7,8,8,44,14,44,8,7,8,8,8,44,92,51,247,43,93,50
	db 44,51,45,50,44,9,10,8,247,14,8,7,44,87,87,14,44,7,50,87,94,252,136,86,51,50,51,94,50,51,87,130,94,51,58,43,249,51,50,87,50,8,14,8,14,8,51,93,129,51,44,14,8,7,246,246,245,50,87,249,51,51,86,51,50,87,51,136,250,50,43,8,7,7,246,7,246,7,7,7,8,246,8,43,8,7,8,7,14,8,44,14,7,8,50,49,44,50,250,43
	db 50,10,9,44,44,45,9,9,44,247,8,8,44,93,8,43,7,7,50,87,50,249,251,87,51,15,50,136,87,50,51,50,94,50,87,44,50,93,44,57,50,14,44,14,44,14,8,14,14,14,8,8,43,7,1,246,7,44,93,87,93,87,50,50,51,51,93,249,93,44,8,7,7,44,7,7,1,7,246,7,246,8,7,8,8,14,8,8,8,7,8,7,8,50,247,44,49,249,87,7
	db 45,9,51,44,44,9,9,39,44,8,7,7,50,93,7,8,8,43,44,93,7,7,44,50,249,8,50,94,130,15,51,249,51,93,51,51,8,130,50,50,50,8,14,8,8,14,8,8,44,8,8,7,7,246,7,7,245,50,129,93,50,50,51,50,87,93,50,86,87,14,7,7,7,7,7,37,7,246,7,44,8,7,8,8,13,8,7,247,7,8,7,8,247,248,44,7,50,93,7,246
	db 50,10,45,8,44,45,10,9,44,50,8,8,50,51,7,7,7,8,247,93,44,7,8,43,50,51,50,51,251,51,51,93,50,87,51,50,247,93,50,50,50,8,8,14,8,9,14,15,8,14,8,7,7,245,246,7,245,7,129,251,93,93,51,50,50,86,50,249,86,8,8,43,7,7,8,7,7,7,38,7,7,8,8,8,8,43,8,8,14,7,8,43,93,44,7,248,93,247,43,8
	db 51,45,15,44,44,9,9,9,8,50,8,43,51,7,8,7,44,7,44,93,7,8,7,7,50,50,51,51,50,251,51,93,87,135,252,51,50,50,93,44,93,8,50,8,14,14,8,8,14,8,8,7,245,7,8,7,7,43,93,252,94,86,51,44,8,87,7,93,93,43,7,7,44,7,246,7,1,7,7,7,8,7,50,7,8,8,14,8,7,44,7,93,93,43,7,87,86,8,43,43
	db 87,9,52,44,44,9,45,10,44,50,43,8,8,43,8,7,8,7,50,250,8,43,7,8,43,86,51,50,50,51,93,93,130,93,93,93,129,87,130,129,93,7,8,8,14,8,8,14,8,8,44,246,7,7,7,44,1,50,129,136,248,50,51,7,92,86,14,249,50,7,8,7,7,7,1,7,8,246,8,8,43,8,8,8,8,7,44,7,44,7,50,249,43,7,248,93,50,44,7,44
	db 45,9,45,9,50,45,10,9,2,51,8,8,50,8,8,8,7,44,44,87,7,7,8,43,8,50,51,50,51,44,93,87,129,249,8,247,50,50,50,130,93,44,7,14,8,14,14,8,14,7,7,7,1,8,44,7,7,86,93,129,7,87,50,86,87,7,7,93,249,44,7,246,2,7,7,7,1,7,8,246,8,8,7,8,7,14,7,8,7,44,86,248,43,7,93,93,43,7,247,50
	db 51,45,16,44,8,45,9,45,9,44,7,8,8,7,8,43,8,7,44,50,8,7,7,7,246,7,87,50,51,44,50,93,94,92,8,7,7,7,50,93,51,14,7,8,8,8,8,8,8,14,8,7,7,7,44,7,246,250,251,87,247,93,50,8,43,8,7,50,93,44,7,8,246,8,7,8,7,8,7,8,8,7,8,7,8,8,43,7,247,86,50,50,246,44,250,50,43,44,44,86
	db 51,10,52,9,44,45,9,9,8,50,50,7,8,8,8,8,8,7,44,50,37,7,8,8,7,8,43,57,51,50,249,130,93,50,51,50,8,43,93,93,247,7,44,8,50,8,14,50,8,7,8,246,44,7,8,246,50,93,251,249,93,44,8,7,7,7,8,50,93,44,7,7,7,43,1,7,7,8,44,8,7,44,8,44,7,7,8,7,50,247,247,247,7,86,93,44,43,247,50,247
	db 51,45,10,45,8,51,10,9,45,8,44,8,8,44,8,44,8,7,8,44,7,8,8,43,8,43,7,50,50,57,130,93,93,50,8,50,50,7,129,93,44,7,8,50,8,14,8,8,8,8,8,7,7,8,44,43,250,250,93,7,50,43,7,7,43,7,8,44,93,44,7,44,1,8,7,44,7,8,50,8,8,8,7,7,8,44,7,86,86,43,50,43,50,129,50,43,44,44,50,50
	db 46,9,52,9,44,45,9,45,9,45,14,8,8,7,8,8,7,8,43,7,8,7,43,8,8,8,7,37,87,86,94,50,44,93,7,7,44,50,129,93,50,8,7,8,50,8,8,8,8,7,246,8,2,7,43,50,250,86,50,7,44,7,8,7,8,7,7,86,93,43,8,7,7,246,7,7,8,87,8,7,8,13,8,8,7,7,50,250,7,43,50,43,50,93,247,7,49,51,86,50
	db 51,10,52,9,50,51,10,9,9,8,50,8,8,14,8,8,44,8,7,7,7,8,8,7,8,8,7,7,50,51,93,7,7,44,8,7,7,44,249,250,86,7,8,14,44,8,14,44,13,8,7,7,44,44,50,249,93,249,247,7,7,7,7,8,246,8,8,50,129,8,7,7,8,7,44,7,44,50,8,14,43,8,7,8,44,44,129,86,43,49,50,44,248,50,86,44,50,86,93,86
	db 51,9,16,45,8,45,9,9,45,8,50,8,8,8,7,8,8,8,8,8,7,246,8,8,8,44,8,8,50,93,93,50,7,7,7,44,7,7,93,93,129,93,248,8,14,8,8,7,44,7,7,8,7,50,93,250,249,50,43,7,7,7,2,7,7,246,7,51,93,247,44,7,246,8,7,8,51,8,8,8,8,7,44,7,7,93,129,56,43,248,247,44,50,247,93,43,247,87,250,248
	db 52,10,52,9,45,51,46,9,9,9,45,13,8,7,8,44,14,8,44,7,8,7,8,8,7,8,8,7,87,93,87,51,44,7,44,7,7,8,249,249,93,250,249,51,86,8,13,8,7,7,8,43,7,87,129,249,248,248,1,43,7,8,8,7,8,7,8,44,250,50,7,7,8,43,7,51,50,14,44,14,43,8,7,7,93,251,93,86,43,50,247,50,44,43,50,249,50,247,86,247
	db 51,46,52,9,44,9,9,9,45,9,50,8,44,7,8,8,7,8,8,8,44,7,8,8,8,8,7,44,93,87,13,93,50,7,7,8,7,7,86,50,249,250,93,247,57,44,8,43,8,44,7,8,248,129,93,247,50,44,7,7,8,246,7,43,246,8,7,50,129,44,7,8,246,8,50,51,8,8,8,8,8,7,43,50,136,251,251,250,43,49,50,86,43,13,247,249,86,247,92,247
	db 46,9,52,9,8,51,46,9,44,9,45,50,7,8,7,8,8,50,8,7,8,8,8,43,8,7,8,86,93,50,8,44,50,44,7,7,44,8,50,51,247,93,129,50,247,93,87,50,50,50,86,93,251,129,86,50,86,7,7,44,7,8,246,8,7,7,8,51,93,44,7,7,7,8,87,14,14,8,14,44,8,7,50,130,172,136,251,92,43,247,86,14,44,43,43,93,248,86,86,249
	db 52,10,52,9,45,51,52,9,9,45,8,87,50,43,8,13,7,8,8,50,8,44,14,8,43,8,14,130,93,44,246,7,7,8,7,8,7,7,50,87,7,50,93,250,93,129,135,86,86,86,86,250,93,93,7,50,50,44,8,7,7,7,246,8,43,8,7,44,129,247,7,7,44,50,51,8,9,14,8,8,43,8,130,173,130,136,251,249,247,50,87,43,7,44,86,129,86,249,92,250
	db 52,10,15,45,9,45,46,10,45,9,8,130,130,51,8,8,8,44,8,9,50,7,8,8,8,7,86,93,249,8,7,8,44,7,43,246,43,43,8,86,50,8,50,93,129,249,86,43,43,247,248,93,252,87,247,87,7,7,43,7,44,246,1,246,7,7,8,50,93,44,7,7,50,51,50,15,14,44,8,14,8,93,172,136,172,252,129,50,247,249,50,7,43,247,99,93,86,251,251,252
	db 52,9,52,9,44,51,52,9,9,10,8,87,178,130,50,8,7,8,14,44,51,14,50,8,7,8,87,129,50,8,7,8,7,7,246,246,7,7,43,50,50,7,44,87,251,249,93,247,43,50,250,129,251,7,86,50,43,7,7,44,7,1,43,7,1,43,8,50,250,50,246,8,87,51,8,8,9,14,8,7,50,136,136,172,172,252,249,248,248,92,7,43,8,50,94,129,93,129,93,86
	db 52,10,51,45,8,45,52,10,45,10,9,50,172,136,130,50,8,44,8,14,15,51,87,50,8,247,93,94,8,7,8,7,7,246,7,245,246,7,7,44,51,43,8,49,94,136,250,93,87,93,50,50,44,50,93,44,7,43,7,7,246,7,246,43,7,7,8,50,93,86,7,7,57,50,15,14,44,8,44,50,130,252,172,172,172,136,249,247,86,50,44,7,247,93,250,130,129,249,86,247
	db 87,16,52,15,45,51,45,10,16,45,9,44,252,172,136,130,50,8,8,8,8,50,57,50,8,50,251,86,8,8,7,8,1,7,245,246,1,246,43,7,87,50,7,8,51,50,14,44,8,7,44,7,7,50,86,7,7,8,246,44,7,246,246,246,8,7,7,44,129,248,7,44,51,8,44,8,14,50,7,93,136,172,136,172,253,252,248,247,93,248,7,8,247,93,249,135,250,249,85,247
	db 51,45,52,46,45,52,52,10,45,46,45,8,129,172,252,136,94,50,8,44,14,8,44,51,8,86,87,50,8,7,8,7,7,7,245,246,246,246,7,246,50,50,7,44,7,8,8,7,7,44,7,7,43,93,44,7,8,43,7,7,246,1,246,7,246,246,8,50,93,86,7,8,50,50,14,14,44,8,44,136,172,172,253,253,172,129,247,49,249,44,7,43,248,93,129,249,248,85,248,247
	db 130,94,94,51,51,51,52,46,10,52,9,7,87,137,252,136,172,93,8,14,8,8,14,50,51,93,93,8,8,7,44,7,7,246,245,246,246,7,246,7,43,87,7,8,14,8,7,8,8,7,7,44,50,87,7,44,7,8,246,246,246,246,246,246,7,8,246,8,129,86,7,8,50,9,8,9,14,8,51,172,172,172,136,253,136,92,247,43,250,49,8,247,50,129,250,248,92,86,249,249
	db 172,172,172,130,87,87,52,16,10,45,10,8,86,172,173,172,136,173,93,8,44,14,8,50,93,250,50,50,8,8,7,7,1,7,246,245,245,246,245,246,7,249,50,8,44,8,44,7,43,7,7,246,250,248,7,8,7,44,7,246,1,246,246,1,246,43,8,44,250,249,7,50,50,50,14,44,14,8,93,136,172,172,253,172,172,250,43,49,93,43,8,43,247,249,250,128,250,250,92,249
	db 136,172,136,172,136,137,51,52,10,10,52,8,247,136,252,173,172,136,173,50,8,44,8,8,93,129,51,51,50,7,44,7,7,7,245,246,246,245,7,246,7,44,93,43,7,7,7,8,8,43,7,50,250,7,43,7,8,7,8,246,246,245,246,43,7,7,7,14,250,93,43,247,93,8,15,14,8,8,93,173,136,172,172,172,136,92,43,43,93,44,43,7,49,250,249,248,86,247,247,43
	db 172,172,173,136,173,252,51,46,10,15,46,9,8,251,173,136,136,172,172,130,50,14,8,50,93,130,93,14,8,8,7,7,2,246,7,246,245,246,246,245,246,7,249,51,7,8,50,8,7,7,7,250,50,8,8,8,43,246,246,246,246,246,246,7,43,7,7,44,250,250,44,7,50,50,50,8,9,14,93,172,172,172,222,253,129,49,43,7,249,44,13,44,249,249,49,85,248,248,85,247
	db 172,173,252,172,136,173,52,52,10,9,52,45,44,250,172,173,172,172,136,173,94,8,8,50,129,130,50,8,7,8,8,8,7,43,1,7,246,245,245,246,246,245,247,93,44,43,7,8,7,43,248,93,7,44,7,7,7,7,246,246,246,246,7,1,8,8,43,50,93,250,50,246,44,50,14,8,14,44,130,178,172,253,172,253,92,43,246,49,50,7,44,86,93,248,86,249,92,249,86,86
	db 136,172,172,173,252,172,88,52,10,10,46,9,8,86,172,136,173,172,172,136,172,93,8,87,136,93,8,14,8,7,8,7,8,8,43,1,246,246,246,245,245,246,7,86,93,50,50,43,50,50,129,44,43,8,7,43,7,246,246,246,7,8,8,43,7,7,8,248,251,92,249,44,7,87,50,8,14,8,136,172,172,221,172,172,248,49,246,50,247,247,7,249,249,247,85,248,248,248,248,49
	db 172,172,172,136,173,136,94,16,52,9,51,46,9,44,172,136,136,173,172,172,136,252,50,129,251,87,14,8,44,14,8,8,43,7,7,246,7,1,246,245,246,246,246,44,250,94,249,51,93,250,93,44,50,247,8,7,246,7,7,37,7,43,8,7,44,50,247,92,129,249,129,50,7,247,51,14,8,8,136,136,172,172,142,129,43,7,247,247,44,44,43,87,249,49,247,248,248,49,247,247
	db 252,173,172,173,172,172,88,52,10,10,10,52,9,44,136,130,136,173,172,252,172,253,136,172,135,93,8,8,14,8,8,7,8,7,245,246,7,246,245,246,245,1,245,7,50,93,136,129,252,129,50,14,50,8,7,246,7,7,37,7,8,7,8,50,49,43,7,49,250,251,250,130,43,43,50,44,14,44,136,253,253,253,172,86,49,246,248,7,50,43,7,50,129,250,251,129,249,249,249,86
	db 172,172,253,172,172,136,130,52,45,9,46,52,9,44,129,137,252,136,173,172,172,172,250,249,250,93,50,14,8,8,14,8,8,7,7,7,7,1,246,245,246,245,7,7,246,50,93,252,93,50,8,50,8,7,43,8,246,8,7,8,43,50,248,247,7,43,50,247,93,250,129,93,249,7,50,50,8,50,252,172,172,172,129,49,246,43,50,43,44,7,247,86,50,86,129,250,250,86,248,86
	db 251,172,172,172,172,252,94,52,52,10,9,52,10,8,249,136,130,172,136,173,172,251,129,249,249,249,50,86,50,50,8,44,8,7,7,1,43,7,246,7,245,246,245,246,7,50,87,93,248,8,50,50,8,8,7,7,8,43,8,44,50,44,43,7,50,92,249,249,249,250,129,129,250,247,246,50,8,50,172,136,172,136,93,43,7,86,43,50,43,7,50,86,49,248,86,92,86,92,249,248
	db 129,172,253,172,136,172,130,52,10,52,10,52,46,39,50,172,94,137,173,172,172,129,129,93,129,86,43,247,50,51,50,50,8,8,8,7,8,7,1,246,245,245,246,246,43,44,50,93,50,44,51,8,8,14,8,8,7,44,50,50,43,246,245,50,50,93,93,250,129,129,251,128,86,50,43,248,14,51,172,172,251,251,248,6,248,247,50,247,8,43,43,86,249,249,86,248,249,248,85,249
	db 129,251,172,172,172,253,131,51,52,45,46,52,16,10,44,252,94,136,172,172,136,250,249,250,249,93,50,247,43,246,247,50,247,50,7,8,7,7,246,7,246,7,1,245,245,50,51,93,50,50,51,8,14,44,8,50,50,248,247,246,245,43,86,249,250,129,135,129,129,250,85,86,246,247,248,50,247,93,172,129,251,249,43,50,86,247,50,7,43,43,43,50,128,248,92,86,248,86,247,247
	db 129,251,135,253,136,136,137,87,45,52,52,52,51,46,8,136,94,130,173,136,251,129,92,251,129,249,129,93,248,247,246,246,43,44,50,247,44,7,8,7,1,1,246,7,7,8,50,51,50,57,14,8,8,14,50,50,247,246,246,246,248,249,249,250,129,252,129,248,43,247,43,43,42,7,248,248,50,129,130,129,251,49,247,248,49,50,247,8,43,8,246,86,86,49,248,86,49,86,86,49
	db 248,250,129,252,172,172,173,136,130,136,252,137,88,51,9,130,130,94,172,253,251,135,251,251,250,251,129,129,250,250,249,247,43,246,246,43,50,44,44,8,7,7,7,37,7,43,51,50,51,51,8,14,44,50,248,43,43,246,248,250,249,86,249,86,86,86,49,43,43,246,246,246,43,43,246,86,86,129,250,251,86,43,86,50,247,50,7,43,44,246,7,86,49,43,43,49,248,49,86,248
	db 43,86,129,129,172,172,251,136,173,172,172,172,136,88,88,136,136,93,172,252,249,249,249,128,129,129,129,252,93,250,92,249,86,247,246,246,246,43,49,247,50,44,8,7,1,8,50,14,93,50,8,50,50,247,43,43,247,250,249,248,50,249,247,49,248,43,247,49,6,6,246,6,246,246,246,247,129,129,129,92,43,50,248,7,86,44,7,44,7,7,43,86,248,247,247,247,85,247,85,86
	db 248,49,86,250,129,172,136,136,173,172,136,136,172,173,136,136,136,130,178,251,86,122,86,86,86,86,86,249,251,249,86,86,86,92,86,43,246,245,246,246,7,50,247,50,44,7,8,87,136,87,50,50,247,43,43,86,129,86,247,248,249,49,43,247,246,246,13,7,7,245,246,246,246,246,246,246,251,251,249,247,247,249,43,248,44,7,44,43,7,248,249,86,86,248,85,248,248,248,247,248
	db 86,247,43,92,129,130,172,252,252,172,172,173,172,136,172,136,131,251,172,249,86,92,85,85,248,85,248,49,86,249,86,249,86,247,248,249,249,43,246,245,246,6,7,247,50,50,249,136,130,86,49,43,43,247,250,129,86,248,86,248,43,43,43,246,246,245,43,49,246,246,245,245,246,245,245,42,86,129,85,247,92,247,44,50,43,7,43,7,43,44,251,249,128,92,86,249,249,92,249,85
	db 249,86,43,43,129,251,172,136,252,137,172,172,173,172,172,173,136,136,252,92,86,86,86,85,248,49,247,247,43,86,85,86,249,86,247,248,86,249,248,43,245,246,245,7,246,247,50,248,49,43,43,43,247,250,129,92,250,248,49,247,42,246,246,6,246,245,7,13,7,246,6,246,245,42,246,245,43,86,7,249,50,7,50,247,43,7,44,7,7,248,129,249,86,248,85,86,85,86,86,86
	db 50,86,49,43,49,250,252,172,172,252,136,172,172,173,136,172,172,252,251,249,85,86,85,248,247,85,43,49,43,43,248,43,85,86,247,248,247,50,86,249,86,246,246,246,43,7,43,43,43,43,43,248,128,135,129,129,248,85,247,246,246,246,246,246,246,7,49,13,49,7,246,245,246,245,6,7,246,86,86,50,43,44,248,44,7,43,7,43,7,249,248,85,247,43,247,43,247,43,43,43
	db 86,129,86,43,43,249,252,252,136,172,130,136,172,253,253,173,172,172,129,85,86,85,248,248,85,247,247,42,43,43,42,43,246,247,85,43,43,85,249,249,93,250,50,247,49,247,247,49,86,86,249,129,172,129,250,248,85,248,43,6,246,43,6,7,13,43,13,14,13,49,13,49,7,246,7,43,7,249,49,44,43,50,44,7,246,44,7,44,7,248,50,248,85,247,43,49,247,247,49,247
	db 129,250,43,247,85,49,248,129,250,252,136,172,173,172,253,172,172,172,250,92,86,248,85,85,248,49,247,43,43,42,246,246,42,43,247,43,42,43,247,92,250,172,251,250,249,86,248,86,92,250,129,251,250,249,85,248,86,49,6,43,49,49,49,13,43,49,13,49,7,13,43,13,49,13,7,49,7,249,44,49,44,50,43,7,246,8,43,7,246,248,249,250,86,247,85,248,85,85,86,85
	db 252,249,43,43,49,247,49,247,129,129,252,136,172,173,136,253,173,178,249,85,86,85,86,248,85,248,43,42,43,43,43,246,246,245,42,247,43,42,43,248,86,251,135,129,92,248,43,247,248,86,250,92,248,92,248,49,248,43,49,49,14,49,8,43,7,7,43,14,49,7,43,7,7,49,13,7,246,93,43,43,50,247,7,43,7,43,7,43,7,86,129,86,86,86,249,128,249,250,249,249
	db 250,249,250,43,43,43,43,248,250,250,129,252,136,172,173,253,172,172,249,85,86,248,248,85,248,49,43,246,246,42,43,246,42,246,246,43,42,43,246,246,49,248,249,250,251,129,86,86,249,250,128,86,86,248,247,92,49,50,13,50,43,7,246,6,246,245,13,13,43,246,246,246,42,7,43,49,7,93,247,50,248,43,7,37,7,43,1,44,7,86,249,129,128,249,249,249,86,249,86,86
	db 249,249,92,43,49,49,86,249,250,129,129,251,252,172,136,172,172,172,92,86,85,86,85,49,248,79,49,246,6,246,246,246,246,245,246,42,43,43,246,42,43,247,248,86,249,251,129,250,129,85,249,85,85,43,49,50,50,13,49,43,43,246,246,246,245,246,7,49,43,7,245,246,246,245,13,7,43,250,43,249,44,7,246,7,43,1,43,7,43,248,135,86,248,247,247,247,247,247,49,43
	db 129,172,250,247,43,248,86,85,43,43,43,86,129,252,172,172,222,172,249,86,86,85,248,248,85,49,247,43,246,245,245,6,246,245,246,246,246,42,246,246,246,43,49,85,86,85,129,128,92,86,86,85,86,43,248,86,49,49,43,43,43,246,245,246,245,246,49,13,7,6,246,245,246,6,43,246,248,93,248,50,246,43,246,37,7,246,7,43,43,248,250,248,248,247,247,43,247,247,247,248
	db 250,252,251,92,49,43,49,43,49,246,246,246,248,251,178,173,172,252,92,86,85,86,49,248,248,248,247,43,42,246,246,245,246,245,246,245,245,245,6,245,6,246,246,247,86,86,128,86,86,85,92,86,247,49,85,49,49,43,247,43,42,246,246,245,246,6,43,50,246,246,245,246,42,246,6,246,249,250,86,43,7,246,8,246,246,7,43,8,43,86,249,250,249,85,247,247,85,248,248,86
	db 248,250,249,86,249,49,43,43,43,43,42,246,245,43,250,252,172,172,250,92,86,86,248,85,85,49,85,43,246,246,245,246,245,246,245,246,246,245,245,245,246,245,43,42,247,49,249,249,86,86,248,85,43,43,49,50,43,49,247,246,43,42,245,245,245,246,13,13,7,246,246,245,246,245,246,7,129,93,86,7,43,246,246,43,7,37,7,43,43,250,129,250,248,247,248,86,250,129,250,250
	db 43,92,250,86,86,86,86,49,49,43,247,43,49,246,246,250,251,252,128,86,86,86,85,248,248,248,247,43,42,245,245,42,245,245,245,245,245,246,246,246,245,246,246,43,247,86,249,92,86,86,85,248,43,49,43,247,49,49,43,43,43,246,246,6,246,246,7,49,246,246,245,246,245,246,246,43,252,130,43,8,246,8,43,8,246,7,43,44,247,129,249,247,92,129,136,172,136,136,136,251
	db 43,247,251,92,248,247,247,248,248,49,247,43,43,43,43,250,129,136,251,86,86,85,86,85,248,247,85,247,43,246,42,245,245,245,245,245,246,245,246,246,246,246,42,49,247,128,250,248,128,86,248,247,42,247,43,49,247,247,43,43,42,246,245,246,245,7,49,7,246,42,246,246,246,246,246,86,136,248,7,43,7,43,7,246,7,43,44,43,50,250,86,129,252,129,93,93,87,86,51,50
	db 246,43,248,129,249,247,246,246,86,86,85,86,248,86,129,136,252,249,250,92,86,249,85,248,85,247,247,49,43,245,246,245,246,245,245,245,246,246,245,246,246,246,43,247,248,129,129,249,249,86,92,247,247,85,43,247,247,49,43,43,43,246,7,49,7,49,13,43,7,246,246,245,245,246,43,251,129,7,43,1,248,50,43,7,37,43,43,247,86,249,129,100,87,87,50,87,57,51,87,51
	db 246,43,43,247,249,249,247,43,248,248,43,248,249,136,252,250,86,247,86,250,86,86,86,248,85,247,85,247,43,246,245,245,245,245,245,245,245,246,246,246,246,43,43,248,248,85,249,128,92,249,250,85,248,248,42,247,79,247,85,43,43,43,246,43,13,13,49,13,43,246,246,246,246,246,86,136,86,44,43,7,248,44,1,7,247,8,247,50,247,93,130,86,93,93,51,93,51,93,51,51
	db 86,247,43,43,43,248,250,250,86,50,247,86,92,252,129,86,8,247,49,250,86,86,85,85,248,85,247,247,247,42,246,42,245,245,246,245,246,246,246,43,247,247,49,248,85,248,249,250,86,249,128,86,86,85,43,247,49,247,247,43,43,43,246,7,13,49,14,7,49,246,246,246,43,247,251,136,247,43,7,50,43,7,43,43,8,247,50,86,247,93,93,93,93,87,93,57,86,51,50,50
	db 86,249,86,50,247,50,248,93,129,250,93,250,130,252,50,86,50,247,43,86,249,86,86,86,85,248,248,85,247,43,246,246,246,246,245,246,246,43,43,43,43,49,79,49,247,49,86,129,129,128,248,248,86,248,247,49,247,85,247,85,43,42,246,7,49,8,49,43,7,246,246,7,43,93,129,249,43,8,247,44,7,246,7,44,247,247,86,43,249,93,87,93,87,57,87,87,93,51,249,51
	db 44,50,247,50,248,248,86,249,135,248,247,50,248,86,93,86,86,50,247,247,129,249,85,86,86,85,248,247,247,43,246,246,246,246,246,246,246,246,246,42,42,246,43,247,247,248,92,251,128,248,86,249,248,86,248,248,248,247,247,247,247,43,43,246,49,13,43,7,246,246,43,43,93,249,129,50,43,43,50,246,43,8,43,247,50,50,86,43,87,93,94,93,51,86,57,86,87,86,51,50
	db 43,247,247,247,43,247,7,43,50,249,50,43,247,44,248,93,50,50,50,43,86,129,86,85,248,248,248,85,49,247,49,43,246,246,246,245,246,246,246,246,43,42,43,247,86,249,250,249,249,249,86,92,86,92,86,92,129,250,86,248,247,247,43,43,43,43,7,43,7,43,49,249,86,93,129,43,43,50,44,43,7,43,44,50,44,249,247,50,93,93,93,87,93,130,129,129,93,93,250,249
	db 50,44,247,44,50,44,7,247,44,247,87,86,7,50,43,44,50,86,86,247,247,86,129,86,86,248,85,247,85,79,43,43,49,43,43,43,43,43,246,43,43,247,86,128,129,129,250,250,250,249,249,249,249,86,86,249,129,252,252,129,129,86,247,247,7,49,43,43,247,92,250,248,86,252,248,7,44,50,247,7,43,44,49,247,86,50,44,86,93,249,87,93,93,250,249,86,249,249,86,249
	db 247,248,50,247,247,7,43,7,43,43,247,50,87,247,14,43,43,50,50,249,247,43,92,129,248,248,248,248,247,247,247,85,247,247,247,43,49,43,247,247,248,250,251,251,252,135,129,129,135,250,250,250,249,250,86,86,92,86,92,250,252,135,250,86,86,248,86,92,129,86,247,49,249,250,247,247,50,247,43,8,247,247,44,50,86,247,247,93,129,93,93,252,250,248,49,247,42,247,49,247
	db 43,44,248,247,247,247,247,7,7,7,44,247,50,86,247,8,247,43,50,248,50,247,44,93,135,249,248,85,248,248,247,247,247,85,247,43,247,247,248,249,128,250,86,249,249,251,128,86,248,248,248,49,86,249,92,86,248,248,250,129,251,251,249,86,92,249,249,86,49,43,43,247,43,249,7,86,86,8,43,43,8,49,50,86,50,7,86,129,251,250,251,135,249,92,86,85,43,42,246,246
	db 43,43,43,44,50,7,44,43,44,43,43,7,247,50,50,248,7,44,43,86,86,50,247,247,249,252,135,249,92,86,85,248,248,248,85,248,86,250,129,249,249,249,86,249,249,129,129,249,128,249,249,249,86,86,249,247,248,86,85,129,251,128,86,86,86,86,248,43,43,43,246,245,43,86,50,87,50,247,7,247,247,248,87,50,43,247,130,136,129,129,129,130,129,251,129,249,86,248,43,43
	db 7,44,49,43,248,50,49,43,43,43,7,43,7,43,50,86,50,43,247,7,247,86,50,50,43,86,251,129,250,250,250,250,250,250,249,249,129,251,251,86,249,250,128,85,249,249,128,250,249,249,128,86,247,49,42,43,86,86,86,135,129,248,247,49,247,49,43,49,43,246,246,246,247,250,250,50,43,43,50,247,50,86,50,43,44,93,251,250,251,136,129,93,250,93,130,129,129,251,129,250
	db 247,43,7,44,43,50,44,43,8,43,7,43,8,43,7,44,248,50,43,44,43,50,86,86,43,50,249,92,250,86,248,248,85,247,248,248,249,129,129,128,86,128,250,249,251,128,86,251,249,86,129,92,85,249,86,85,129,86,249,129,129,249,86,247,43,43,247,43,247,247,247,247,249,136,86,247,50,44,247,50,86,50,43,247,93,251,250,130,172,136,93,250,93,93,93,87,93,93,93,93
	db 50,248,43,43,44,43,50,50,247,44,43,7,246,7,43,43,44,50,50,43,7,43,50,249,86,43,250,247,85,248,247,247,247,247,247,85,247,86,129,251,86,249,249,86,249,86,86,249,122,92,249,86,248,86,248,248,49,248,251,250,129,250,250,86,86,86,248,86,248,86,250,92,129,129,50,44,247,50,247,92,50,43,8,250,129,250,130,251,93,87,249,87,87,87,93,51,87,87,249,87
	db 43,44,248,50,7,43,43,247,50,43,43,44,7,43,7,7,43,43,248,50,44,43,43,86,50,49,250,250,86,248,248,85,248,49,247,247,92,249,251,251,129,249,165,86,250,128,86,128,249,86,249,85,86,85,86,129,86,249,129,250,250,250,86,247,248,86,43,49,248,128,129,86,251,93,247,50,247,50,249,50,44,247,92,250,249,93,251,87,249,87,57,86,57,51,51,93,50,57,51,51
	db 43,247,247,50,248,247,43,43,43,247,7,43,44,246,8,43,246,8,43,44,248,8,43,44,50,86,129,250,129,251,250,92,250,250,250,93,129,129,129,251,129,129,249,85,249,129,86,129,250,128,251,86,250,249,86,251,250,129,93,86,92,49,43,43,250,249,86,85,86,252,251,250,136,86,44,247,50,249,50,50,249,93,250,249,129,250,249,93,93,93,51,51,87,50,93,51,51,87,51,86
	db 44,14,43,247,50,50,50,43,44,43,43,7,43,8,246,7,7,246,7,7,247,86,44,7,247,50,252,129,252,172,135,250,250,250,172,172,172,250,128,129,128,172,135,129,249,249,86,86,249,248,249,86,248,86,92,249,86,252,249,249,249,248,85,248,250,249,249,249,86,135,251,251,130,50,50,50,249,86,249,250,86,93,249,136,93,87,93,93,51,51,93,51,57,87,51,93,87,57,86,51
	db 7,247,44,43,247,248,50,247,49,8,247,7,43,43,44,246,7,44,246,43,8,247,50,247,44,43,93,252,172,251,250,129,92,129,253,129,252,129,128,92,129,253,172,251,129,250,250,250,135,129,129,129,250,249,248,248,250,251,129,251,249,86,247,86,136,252,129,248,248,249,129,251,86,247,44,250,136,129,136,86,50,249,251,250,87,93,87,93,93,87,51,93,51,93,51,51,57,51,51,51
	db 43,8,43,50,44,247,50,248,50,247,43,44,44,7,7,44,43,7,7,7,43,7,44,50,50,44,247,251,172,172,129,250,250,129,253,129,251,128,86,128,251,253,251,249,92,249,92,250,172,172,129,135,250,248,85,247,248,135,252,250,248,248,43,43,249,252,250,249,129,250,249,250,86,86,250,136,251,250,86,248,87,250,94,93,87,57,87,58,94,93,57,51,87,51,93,51,87,87,56,51
	db 50,43,247,7,43,247,247,247,248,44,50,247,7,43,44,7,7,43,7,44,7,43,7,44,247,50,7,249,251,252,251,249,128,249,252,252,251,249,128,249,92,172,252,128,249,249,86,86,129,252,250,250,248,248,247,247,248,248,86,50,92,87,92,86,250,250,251,136,249,250,86,129,93,93,130,251,250,93,250,250,93,251,93,87,57,94,88,93,94,58,51,87,57,57,51,51,51,57,51,50
	db 129,87,50,44,247,8,43,8,43,50,248,50,44,50,7,44,44,8,43,8,43,8,43,7,7,50,248,50,129,249,250,251,251,129,250,129,128,129,250,250,250,129,136,250,249,249,86,86,248,92,249,50,248,86,86,86,249,51,249,249,50,50,50,86,86,85,251,251,86,249,86,249,247,247,248,249,249,123,129,93,250,93,93,57,94,87,57,93,51,93,93,51,51,88,57,87,57,51,87,51
	db 86,93,249,93,249,86,50,248,50,43,7,50,50,43,44,7,43,44,43,44,50,43,8,43,43,43,50,86,251,249,86,252,253,249,249,129,128,251,135,250,86,56,249,87,92,92,86,56,86,50,93,249,50,50,50,50,50,44,8,43,7,247,86,92,86,86,129,172,252,249,92,86,86,249,93,249,249,87,93,129,129,87,51,93,94,94,51,94,51,87,58,93,57,87,51,57,87,51,51,50
	db 250,130,93,248,93,250,93,249,86,87,86,86,87,93,50,247,8,13,44,7,44,50,247,8,43,8,44,86,130,250,86,252,172,249,129,128,86,86,129,93,249,44,13,43,8,14,8,49,44,43,86,50,44,14,8,8,8,43,7,44,248,93,251,129,92,92,86,135,129,86,247,50,87,250,86,50,86,93,86,130,93,93,93,93,93,94,93,93,94,93,51,87,57,51,93,51,51,51,50,51
	db 93,93,93,129,250,93,250,250,93,129,135,130,129,250,250,87,50,247,8,43,49,43,247,247,50,44,43,7,93,129,249,129,129,251,129,128,249,128,129,129,129,93,86,50,247,7,43,8,7,7,50,44,8,8,44,7,43,7,86,50,247,129,252,86,128,86,86,86,248,7,247,86,249,86,86,250,93,86,250,136,51,87,93,93,88,93,87,94,51,57,87,57,51,93,51,57,51,50,51,50
	db 87,88,87,93,130,129,250,93,250,93,129,93,249,51,86,87,250,250,86,249,50,50,50,50,248,50,247,44,247,94,50,86,250,92,248,86,250,251,252,249,249,249,250,249,50,50,8,43,44,246,44,14,43,14,7,44,50,250,249,43,247,251,251,249,249,86,92,50,43,246,247,93,249,93,129,129,249,249,251,93,249,93,94,93,93,94,57,93,93,87,57,88,57,87,57,87,51,51,51,51
	db 51,57,87,51,93,130,86,86,249,86,249,86,249,249,249,86,93,250,93,249,250,249,250,250,250,250,130,92,248,93,44,50,50,87,86,248,249,252,135,248,129,86,86,86,87,86,50,8,7,7,43,8,7,44,50,50,250,249,248,49,43,250,252,129,56,50,44,7,7,246,50,250,249,249,130,129,93,93,251,93,93,93,93,87,94,93,88,57,51,93,51,93,51,51,87,51,51,50,51,50

pics	db  30, 50
	db 51,129,252,129,249,7,248,248,247,50,50,8,14,50,8,14,246,250,249,87,87,51,51,52,249,9,45,51,86,93
	db 94,252,251,129,129,43,50,44,43,248,50,44,44,14,44,247,43,249,50,50,51,87,52,51,93,10,87,87,51,50
	db 172,136,129,251,251,247,44,7,8,248,50,8,7,43,7,7,8,247,86,7,247,44,87,51,51,51,250,93,52,43
	db 172,136,87,248,129,87,7,50,248,50,8,8,51,8,15,44,8,14,247,248,7,43,49,87,52,93,129,51,50,7
	db 94,253,44,245,248,251,50,248,50,9,51,15,51,15,51,15,51,50,8,248,7,50,44,136,130,87,93,45,7,7
	db 94,172,86,245,245,251,87,50,51,15,51,15,14,50,15,44,15,51,15,8,247,247,93,172,172,50,87,51,8,7
	db 93,252,93,245,0,247,86,50,8,51,15,44,8,8,44,14,7,9,50,7,50,246,136,172,172,252,136,94,50,7
	db 93,93,136,247,0,0,246,8,15,14,51,8,8,43,7,8,43,8,51,8,43,247,172,172,136,172,252,251,251,7
	db 130,249,130,172,87,50,245,8,44,15,50,7,43,43,43,246,7,8,44,8,7,249,136,136,136,253,252,251,93,245
	db 136,93,130,172,94,129,246,8,8,51,50,8,246,43,43,7,248,43,8,50,44,250,93,130,251,136,252,252,50,246
	db 172,252,136,136,94,50,246,50,8,86,248,7,246,7,43,44,50,247,7,43,8,248,136,130,129,136,251,252,43,245
	db 172,172,252,93,252,248,7,44,7,50,50,43,7,50,44,50,43,247,7,43,43,44,172,93,250,136,252,252,7,246
	db 172,179,172,86,136,247,7,44,43,44,50,248,7,247,44,50,50,50,247,43,8,247,136,250,129,130,252,251,1,246
	db 252,172,136,86,251,247,246,7,247,8,50,50,44,50,8,86,8,87,50,43,7,247,252,93,136,251,252,93,245,7
	db 252,252,172,249,249,247,246,246,86,7,44,50,44,50,50,50,86,93,248,7,43,247,251,250,136,252,252,44,245,7
	db 252,252,172,93,248,50,245,246,248,93,130,50,50,50,50,87,253,93,129,7,246,247,250,136,94,252,252,7,7,7
	db 252,252,172,252,44,247,245,246,86,129,172,251,7,51,8,248,172,136,129,7,43,248,249,252,93,252,93,245,7,8
	db 252,252,136,172,44,247,245,246,50,249,130,93,7,7,7,7,129,130,50,43,246,86,86,253,94,252,50,246,7,8
	db 250,172,87,172,8,247,7,246,249,50,93,86,8,7,246,7,93,51,44,43,7,86,50,172,129,249,248,7,8,7
	db 7,252,51,94,50,248,7,44,86,50,247,7,7,246,1,7,7,245,50,43,8,249,51,172,136,247,247,44,7,7
	db 246,52,87,87,93,50,44,44,50,87,1,7,7,7,7,7,7,245,87,7,44,86,50,172,93,50,86,86,8,7
	db 44,45,93,93,51,93,44,50,50,93,44,7,7,44,8,43,245,50,51,50,44,86,51,136,7,44,92,86,86,44
	db 14,45,51,87,87,93,50,51,44,93,93,44,7,8,43,7,44,87,50,50,50,50,87,43,246,7,249,250,136,250
	db 45,8,44,50,93,129,87,51,50,93,87,51,50,8,7,44,49,51,50,44,51,93,50,7,7,8,8,93,251,248
	db 45,45,44,7,87,50,136,14,51,93,50,51,14,51,50,51,245,87,50,51,93,44,7,245,7,8,8,7,87,50
	db 9,44,8,8,7,44,50,50,93,87,51,86,8,14,50,7,7,249,51,87,249,7,7,7,8,8,8,50,43,50
	db 51,8,45,44,8,50,7,44,51,93,86,87,50,8,8,7,7,250,50,50,86,7,7,8,7,8,7,248,50,43
	db 10,45,9,8,8,43,8,7,50,93,8,92,7,8,8,7,8,250,50,7,87,7,7,44,8,7,50,44,86,50
	db 46,50,9,8,8,8,7,8,50,50,8,249,50,8,8,7,86,50,7,7,87,7,8,8,7,44,247,247,50,86
	db 10,45,9,44,7,8,8,8,87,50,7,50,250,50,44,50,249,7,8,7,87,7,50,8,7,136,247,50,248,86
	db 16,45,9,93,8,8,44,7,87,7,7,44,50,129,247,129,50,7,246,7,249,7,15,8,93,172,248,43,93,250
	db 51,45,10,87,251,8,50,50,50,7,246,246,8,51,50,44,44,7,246,7,87,50,8,44,172,252,86,7,129,86
	db 136,94,10,44,172,93,8,93,8,7,245,246,50,7,7,247,7,43,246,7,249,8,14,87,172,129,50,43,249,86
	db 172,172,10,9,172,173,50,129,8,8,246,245,43,50,8,86,8,246,7,7,250,43,14,93,253,86,50,86,248,248
	db 172,172,10,10,136,172,252,93,8,8,7,246,245,87,250,50,7,7,44,7,250,87,50,93,253,246,43,86,249,86
	db 172,172,51,46,93,173,129,249,50,44,7,7,245,43,56,8,8,44,43,93,250,92,247,130,250,50,43,50,86,86
	db 250,172,94,94,87,136,250,129,250,247,43,7,7,8,51,50,247,247,86,249,43,246,247,251,247,50,7,86,247,248
	db 247,251,172,253,137,252,86,248,86,249,248,247,246,43,93,43,249,86,43,245,7,245,246,86,247,43,43,249,248,248
	db 86,248,252,172,253,129,248,85,43,43,247,248,249,247,248,250,92,43,43,43,13,246,7,248,50,7,7,86,85,248
	db 250,43,249,136,253,250,85,247,246,246,246,43,249,250,249,249,248,49,7,246,13,43,7,50,43,246,43,250,248,248
	db 129,49,247,43,252,129,248,248,42,245,246,245,246,86,86,85,49,43,246,245,43,245,246,249,246,7,247,249,248,86
	db 248,86,247,43,249,129,86,85,43,245,245,246,246,86,249,247,247,247,246,7,246,246,248,43,44,246,248,250,93,93
	db 247,248,249,86,129,247,86,248,247,245,245,246,43,248,128,86,43,247,246,13,7,246,129,43,7,44,50,93,87,51
	db 50,247,86,248,50,50,249,85,247,43,246,246,247,86,250,249,86,249,247,49,247,86,50,44,43,50,249,93,249,86
	db 247,247,7,50,247,247,248,249,86,248,247,86,249,129,249,86,86,249,129,86,248,43,248,43,50,247,129,129,86,247
	db 43,44,43,7,44,247,50,248,249,248,248,129,249,249,249,86,85,249,249,247,247,248,50,247,50,249,251,93,93,250
	db 247,247,247,43,7,43,247,50,129,86,250,129,129,249,250,249,249,129,86,249,86,251,50,249,86,93,93,87,51,51
	db 43,50,247,7,43,7,8,247,252,250,252,128,172,250,129,250,248,129,248,129,249,250,250,250,93,87,93,51,93,51
	db 93,248,50,86,44,43,43,7,250,251,129,250,249,50,248,86,50,44,50,86,251,86,249,93,93,94,57,51,51,51
	db 93,129,250,93,87,86,50,86,87,86,249,129,249,50,7,8,44,248,129,92,43,249,250,250,93,93,94,93,51,51